10000000
10000000
10000000
10000000
10000000
10000000
10000000
10000000
10000000
10000000
10000000
10000000
10000000
10000000
10000000
10000000
10000000
10000000
10000000
10000000
10000000
10000000
10000000
10000000
10000000
10000000
10000000
10000000
10000000
10000000
10000000
10000000
10000000
10000000
10000000
10000000
10000000
10000000
10000000
10000000
10000000
10000000
10000000
10000000
10000000
10000000
10000000
10000000
10000000
10000000
10000000
10000000
10000000
10000000
10000000
10000000
10000000
10000000
10000000
10000000
10000000
10000000
10000000
10000000
10000000
10000000
10000000
10000000
10000000
10000000
10000000
10000000
10000000
10000000
10000000
10000000
10000000
10000000
10000000
10000000
10000000
10000000
10000000
10000000
10000000
10000000
10000000
10000000
10000000
10000000
10000000
10000000
10000000
10000000
10000000
10000000
10000000
10000000
10000000
10000000
10000000
10000000
10000000
10000000
10000000
10000000
10000000
10000000
10000000
10000000
10000000
10000000
10000000
10000000
10000000
10000000
10000000
10000000
10000000
10000000
10000000
10000000
10000000
10000000
10000000
10000000
10000000
10000000
1384
10000000
10000000
10000000
10000000
10000000
10000000
10000000
10000000
10000000
10000000
10000000
10000000
10000000
10000000
10000000
10000000
10000000
10000000
10000000
10000000
10000000
10000000
10000000
10000000
10000000
10000000
10000000
10000000
10000000
10000000
1432
1653
10000000
10000000
10000000
10000000
10000000
10000000
10000000
10000000
10000000
10000000
10000000
10000000
10000000
10000000
10000000
10000000
10000000
10000000
10000000
10000000
10000000
10000000
10000000
10000000
10000000
10000000
10000000
10000000
10000000
1448
1627
1908
10000000
10000000
10000000
10000000
10000000
10000000
10000000
10000000
10000000
10000000
10000000
10000000
10000000
10000000
10000000
10000000
10000000
10000000
10000000
10000000
10000000
10000000
10000000
10000000
10000000
10000000
10000000
10000000
1508
1536
1665
1728
10000000
10000000
10000000
10000000
10000000
10000000
10000000
10000000
10000000
10000000
10000000
10000000
10000000
10000000
10000000
10000000
10000000
10000000
10000000
10000000
10000000
10000000
10000000
10000000
10000000
10000000
10000000
1305
1445
1646
1785
1965
10000000
10000000
10000000
10000000
10000000
10000000
10000000
10000000
10000000
10000000
10000000
10000000
10000000
10000000
10000000
10000000
10000000
10000000
10000000
10000000
10000000
10000000
10000000
10000000
10000000
10000000
1295
1462
1645
1784
1942
2142
10000000
10000000
10000000
10000000
10000000
10000000
10000000
10000000
10000000
10000000
10000000
10000000
10000000
10000000
10000000
10000000
10000000
10000000
10000000
10000000
10000000
10000000
10000000
10000000
10000000
1344
1484
1744
1718
1870
2004
2259
10000000
10000000
10000000
10000000
10000000
10000000
10000000
10000000
10000000
10000000
10000000
10000000
10000000
10000000
10000000
10000000
10000000
10000000
10000000
10000000
10000000
10000000
10000000
10000000
1304
1372
1560
1694
1858
2048
2254
2545
10000000
10000000
10000000
10000000
10000000
10000000
10000000
10000000
10000000
10000000
10000000
10000000
10000000
10000000
10000000
10000000
10000000
10000000
10000000
10000000
10000000
10000000
10000000
1292
1347
1614
1746
1882
2060
2259
2550
2882
10000000
10000000
10000000
10000000
10000000
10000000
10000000
10000000
10000000
10000000
10000000
10000000
10000000
10000000
10000000
10000000
10000000
10000000
10000000
10000000
10000000
10000000
1318
1387
1549
1725
1873
2028
2236
2541
2864
3105
10000000
10000000
10000000
10000000
10000000
10000000
10000000
10000000
10000000
10000000
10000000
10000000
10000000
10000000
10000000
10000000
10000000
10000000
10000000
10000000
10000000
1308
1380
1623
1755
1853
2048
2255
2544
2885
3130
3551
10000000
10000000
10000000
10000000
10000000
10000000
10000000
10000000
10000000
10000000
10000000
10000000
10000000
10000000
10000000
10000000
10000000
10000000
10000000
10000000
1247
1388
1583
1697
1869
2025
2257
2567
2880
3154
3516
3738
10000000
10000000
10000000
10000000
10000000
10000000
10000000
10000000
10000000
10000000
10000000
10000000
10000000
10000000
10000000
10000000
10000000
10000000
10000000
1305
1408
1646
1734
1863
2070
2265
2461
2891
3168
3474
3784
3971
10000000
10000000
10000000
10000000
10000000
10000000
10000000
10000000
10000000
10000000
10000000
10000000
10000000
10000000
10000000
10000000
10000000
10000000
1276
1404
1663
1765
1889
2065
2272
2576
2898
3152
3542
3759
4015
4273
10000000
10000000
10000000
10000000
10000000
10000000
10000000
10000000
10000000
10000000
10000000
10000000
10000000
10000000
10000000
10000000
10000000
1328
1385
1604
1736
1869
2045
2250
2547
3005
3129
3520
3740
4026
4282
4567
10000000
10000000
10000000
10000000
10000000
10000000
10000000
10000000
10000000
10000000
10000000
10000000
10000000
10000000
10000000
10000000
1269
1392
1581
1738
1868
2057
2262
2528
2845
3153
3516
3803
4009
4250
4568
4776
10000000
10000000
10000000
10000000
10000000
10000000
10000000
10000000
10000000
10000000
10000000
10000000
10000000
10000000
10000000
1342
1396
1568
1764
1872
2074
2277
2577
2895
3141
3541
3746
4012
4302
4590
4804
5002
10000000
10000000
10000000
10000000
10000000
10000000
10000000
10000000
10000000
10000000
10000000
10000000
10000000
10000000
1270
1397
1614
1726
1886
2071
2290
2577
2880
3154
3559
3791
3990
4305
4615
4872
5017
5233
10000000
10000000
10000000
10000000
10000000
10000000
10000000
10000000
10000000
10000000
10000000
10000000
10000000
1349
1386
1564
1769
1876
2060
2269
2553
2952
3326
3766
4006
4208
4542
4805
5045
5276
5448
5880
10000000
10000000
10000000
10000000
10000000
10000000
10000000
10000000
10000000
10000000
10000000
10000000
1428
1493
1711
1834
2010
2213
2449
2764
3082
3357
3794
4084
4368
4637
4933
5296
5655
5881
6121
6196
10000000
10000000
10000000
10000000
10000000
10000000
10000000
10000000
10000000
10000000
10000000
1308
1464
1659
1783
1961
2166
2407
2758
3104
3386
3699
3822
4057
4305
4621
4847
5036
5277
5612
6060
6933
10000000
10000000
10000000
10000000
10000000
10000000
10000000
10000000
10000000
10000000
1299
1440
1606
1762
1883
2098
2314
2601
2949
3224
3576
3804
4041
4294
4594
4830
5033
5208
5598
6015
6378
6926
10000000
10000000
10000000
10000000
10000000
10000000
10000000
10000000
10000000
1273
1407
1580
1776
1920
2108
2280
2581
2864
3203
3555
3791
4032
4374
4598
4817
5037
5212
5576
6061
6404
7006
7311
10000000
10000000
10000000
10000000
10000000
10000000
10000000
10000000
1306
1406
1661
1728
1878
2084
2316
2550
2911
3206
3588
3805
4054
4295
4626
4895
5132
5223
5580
6079
6428
6953
7278
7575
10000000
10000000
10000000
10000000
10000000
10000000
10000000
1353
1373
1675
1747
1888
2087
2304
2585
2928
3153
3524
3740
4021
4234
4578
4972
5298
5519
5851
6358
6648
7215
7551
7806
8188
10000000
10000000
10000000
10000000
10000000
10000000
1424
1509
1772
1871
2048
2273
2525
2857
3236
3534
3884
4136
4494
4764
5256
5308
5115
5348
5697
6177
6679
6902
7139
7422
7517
7913
10000000
10000000
10000000
10000000
10000000
1347
1406
1580
1724
1882
2037
2273
2559
2898
3125
3490
3749
3921
4213
4504
4727
4949
5125
5504
5855
6344
6876
7218
7423
7659
7828
8003