10000000
10000000
10000000
10000000
10000000
10000000
10000000
10000000
10000000
10000000
10000000
10000000
10000000
10000000
10000000
10000000
10000000
10000000
10000000
10000000
10000000
10000000
10000000
10000000
10000000
10000000
10000000
10000000
10000000
10000000
10000000
10000000
10000000
10000000
10000000
10000000
10000000
10000000
10000000
10000000
10000000
10000000
10000000
10000000
10000000
10000000
10000000
10000000
10000000
10000000
10000000
10000000
10000000
10000000
10000000
10000000
10000000
10000000
10000000
10000000
10000000
10000000
10000000
10000000
10000000
10000000
10000000
10000000
10000000
10000000
10000000
10000000
10000000
10000000
10000000
10000000
10000000
10000000
10000000
10000000
10000000
10000000
10000000
10000000
10000000
10000000
10000000
10000000
10000000
10000000
10000000
10000000
10000000
10000000
10000000
10000000
10000000
10000000
10000000
10000000
10000000
10000000
10000000
10000000
10000000
10000000
10000000
10000000
10000000
10000000
10000000
10000000
10000000
10000000
10000000
10000000
10000000
10000000
10000000
10000000
10000000
10000000
10000000
10000000
10000000
10000000
10000000
10000000
1761
10000000
10000000
10000000
10000000
10000000
10000000
10000000
10000000
10000000
10000000
10000000
10000000
10000000
10000000
10000000
10000000
10000000
10000000
10000000
10000000
10000000
10000000
10000000
10000000
10000000
10000000
10000000
10000000
10000000
10000000
1781
2016
10000000
10000000
10000000
10000000
10000000
10000000
10000000
10000000
10000000
10000000
10000000
10000000
10000000
10000000
10000000
10000000
10000000
10000000
10000000
10000000
10000000
10000000
10000000
10000000
10000000
10000000
10000000
10000000
10000000
1771
2018
2215
10000000
10000000
10000000
10000000
10000000
10000000
10000000
10000000
10000000
10000000
10000000
10000000
10000000
10000000
10000000
10000000
10000000
10000000
10000000
10000000
10000000
10000000
10000000
10000000
10000000
10000000
10000000
10000000
1789
2098
2332
2423
10000000
10000000
10000000
10000000
10000000
10000000
10000000
10000000
10000000
10000000
10000000
10000000
10000000
10000000
10000000
10000000
10000000
10000000
10000000
10000000
10000000
10000000
10000000
10000000
10000000
10000000
10000000
1794
1994
2301
2429
2693
10000000
10000000
10000000
10000000
10000000
10000000
10000000
10000000
10000000
10000000
10000000
10000000
10000000
10000000
10000000
10000000
10000000
10000000
10000000
10000000
10000000
10000000
10000000
10000000
10000000
10000000
1847
2047
2226
2422
2600
2914
10000000
10000000
10000000
10000000
10000000
10000000
10000000
10000000
10000000
10000000
10000000
10000000
10000000
10000000
10000000
10000000
10000000
10000000
10000000
10000000
10000000
10000000
10000000
10000000
10000000
1788
1985
2280
2429
2587
2858
3251
10000000
10000000
10000000
10000000
10000000
10000000
10000000
10000000
10000000
10000000
10000000
10000000
10000000
10000000
10000000
10000000
10000000
10000000
10000000
10000000
10000000
10000000
10000000
10000000
1771
2100
2253
2402
2633
2931
3293
3650
10000000
10000000
10000000
10000000
10000000
10000000
10000000
10000000
10000000
10000000
10000000
10000000
10000000
10000000
10000000
10000000
10000000
10000000
10000000
10000000
10000000
10000000
10000000
1790
2007
2324
2443
2648
2945
3295
3635
3924
10000000
10000000
10000000
10000000
10000000
10000000
10000000
10000000
10000000
10000000
10000000
10000000
10000000
10000000
10000000
10000000
10000000
10000000
10000000
10000000
10000000
10000000
1762
2101
2307
2471
2706
2968
3312
3681
3979
4678
10000000
10000000
10000000
10000000
10000000
10000000
10000000
10000000
10000000
10000000
10000000
10000000
10000000
10000000
10000000
10000000
10000000
10000000
10000000
10000000
10000000
1950
2102
2277
2581
2716
3050
3519
3799
4059
4617
5233
10000000
10000000
10000000
10000000
10000000
10000000
10000000
10000000
10000000
10000000
10000000
10000000
10000000
10000000
10000000
10000000
10000000
10000000
10000000
10000000
1946
2195
2457
2613
2965
3158
3472
3926
4304
4759
5172
5444
10000000
10000000
10000000
10000000
10000000
10000000
10000000
10000000
10000000
10000000
10000000
10000000
10000000
10000000
10000000
10000000
10000000
10000000
10000000
1809
2121
2285
2427
2605
2946
3249
3632
3958
4474
4972
5269
5538
10000000
10000000
10000000
10000000
10000000
10000000
10000000
10000000
10000000
10000000
10000000
10000000
10000000
10000000
10000000
10000000
10000000
10000000
1804
2065
2305
2571
2714
3117
3475
3623
3880
4506
4932
5191
5508
5859
10000000
10000000
10000000
10000000
10000000
10000000
10000000
10000000
10000000
10000000
10000000
10000000
10000000
10000000
10000000
10000000
10000000
1782
2078
2192
2448
2636
2962
3270
3692
4024
4490
4893
5217
5561
5987
6454
10000000
10000000
10000000
10000000
10000000
10000000
10000000
10000000
10000000
10000000
10000000
10000000
10000000
10000000
10000000
10000000
1825
2168
2313
2538
2706
3176
3476
3857
3679
4318
4801
5055
5317
5864
6076
6206
10000000
10000000
10000000
10000000
10000000
10000000
10000000
10000000
10000000
10000000
10000000
10000000
10000000
10000000
10000000
1657
1942
2112
2288
2429
2710
3030
3361
3586
4145
4591
4946
5125
5591
5874
6232
6362
10000000
10000000
10000000
10000000
10000000
10000000
10000000
10000000
10000000
10000000
10000000
10000000
10000000
10000000
1652
1924
2140
2257
2421
2735
3035
3372
3642
4238
4701
4900
5128
5471
5877
6202
6376
6691
10000000
10000000
10000000
10000000
10000000
10000000
10000000
10000000
10000000
10000000
10000000
10000000
10000000
1647
1931
2170
2303
2490
2758
3051
3344
3616
4217
4663
4900
5145
5549
5926
6245
6378
6730
7000
10000000
10000000
10000000
10000000
10000000
10000000
10000000
10000000
10000000
10000000
10000000
10000000
1659
1923
2138
2345
2450
2753
3054
3378
3634
4203
4588
4935
5162
5481
5859
6183
6403
6629
6991
7438
10000000
10000000
10000000
10000000
10000000
10000000
10000000
10000000
10000000
10000000
10000000
1656
1927
2095
2275
2423
2684
3025
3339
3612
4194
4637
4886
5114
5523
5838
6172
6423
6669
7001
7398
8223
10000000
10000000
10000000
10000000
10000000
10000000
10000000
10000000
10000000
10000000
1664
1947
2132
2245
2424
2749
3190
3522
3825
4420
4913
5112
5309
5734
6164
6440
6673
6948
7487
7894
8752
9622
10000000
10000000
10000000
10000000
10000000
10000000
10000000
10000000
10000000
1884
2117
2290
2620
2760
2954
3083
3432
3736
4283
4705
5040
5385
5497
5836
6128
6314
6547
6981
7252
8161
8772
9256
10000000
10000000
10000000
10000000
10000000
10000000
10000000
10000000
1651
1943
2186
2239
2393
2659
2998
3346
3575
4204
4623
4855
5088
5483
5849
6130
6361
6620
7053
7399
8165
8801
9156
9541
10000000
10000000
10000000
10000000
10000000
10000000
10000000
1647
1841
2152
2261
2413
2721
3063
3353
3574
4132
4565
4848
5091
5548
5857
6121
6353
6629
6955
7331
8115
8735
9172
9494
9879
10000000
10000000
10000000
10000000
10000000
10000000
1632
1889
2171
2283
2428
2705
3032
3339
3587
4168
4592
4808
5096
5493
5821
6137
6373
6603
6970
7289
8116
8774
9258
9626
9828
9994
10000000
10000000
10000000
10000000
10000000
1595
1824
2056
2254
2399
2685
3009
3350
3593
4184
4624
4848
5072
5476
5856
6152
6325
6702
7391
7813
8463
9159
9601
9953
10229
10669
10915