10000000
10000000
10000000
10000000
10000000
10000000
10000000
10000000
10000000
10000000
10000000
10000000
10000000
10000000
10000000
10000000
10000000
10000000
10000000
10000000
10000000
10000000
10000000
10000000
10000000
10000000
10000000
10000000
10000000
10000000
10000000
10000000
10000000
10000000
10000000
10000000
10000000
10000000
10000000
10000000
10000000
10000000
10000000
10000000
10000000
10000000
10000000
10000000
10000000
10000000
10000000
10000000
10000000
10000000
10000000
10000000
10000000
10000000
10000000
10000000
10000000
10000000
10000000
10000000
10000000
10000000
10000000
10000000
10000000
10000000
10000000
10000000
10000000
10000000
10000000
10000000
10000000
10000000
10000000
10000000
10000000
10000000
10000000
10000000
10000000
10000000
10000000
10000000
10000000
10000000
10000000
10000000
10000000
10000000
10000000
10000000
10000000
10000000
10000000
10000000
10000000
10000000
10000000
10000000
10000000
10000000
10000000
10000000
10000000
10000000
10000000
10000000
10000000
10000000
10000000
10000000
10000000
10000000
10000000
10000000
10000000
10000000
10000000
10000000
10000000
10000000
10000000
10000000
1675
10000000
10000000
10000000
10000000
10000000
10000000
10000000
10000000
10000000
10000000
10000000
10000000
10000000
10000000
10000000
10000000
10000000
10000000
10000000
10000000
10000000
10000000
10000000
10000000
10000000
10000000
10000000
10000000
10000000
10000000
1718
1836
10000000
10000000
10000000
10000000
10000000
10000000
10000000
10000000
10000000
10000000
10000000
10000000
10000000
10000000
10000000
10000000
10000000
10000000
10000000
10000000
10000000
10000000
10000000
10000000
10000000
10000000
10000000
10000000
10000000
1727
1844
2047
10000000
10000000
10000000
10000000
10000000
10000000
10000000
10000000
10000000
10000000
10000000
10000000
10000000
10000000
10000000
10000000
10000000
10000000
10000000
10000000
10000000
10000000
10000000
10000000
10000000
10000000
10000000
10000000
1676
1817
1984
2226
10000000
10000000
10000000
10000000
10000000
10000000
10000000
10000000
10000000
10000000
10000000
10000000
10000000
10000000
10000000
10000000
10000000
10000000
10000000
10000000
10000000
10000000
10000000
10000000
10000000
10000000
10000000
1664
1822
1993
2241
2456
10000000
10000000
10000000
10000000
10000000
10000000
10000000
10000000
10000000
10000000
10000000
10000000
10000000
10000000
10000000
10000000
10000000
10000000
10000000
10000000
10000000
10000000
10000000
10000000
10000000
10000000
1726
1801
1965
2286
2496
2677
10000000
10000000
10000000
10000000
10000000
10000000
10000000
10000000
10000000
10000000
10000000
10000000
10000000
10000000
10000000
10000000
10000000
10000000
10000000
10000000
10000000
10000000
10000000
10000000
10000000
1664
1780
1981
2259
2451
2671
2929
10000000
10000000
10000000
10000000
10000000
10000000
10000000
10000000
10000000
10000000
10000000
10000000
10000000
10000000
10000000
10000000
10000000
10000000
10000000
10000000
10000000
10000000
10000000
10000000
1694
1843
1973
2273
2465
2694
2926
3305
10000000
10000000
10000000
10000000
10000000
10000000
10000000
10000000
10000000
10000000
10000000
10000000
10000000
10000000
10000000
10000000
10000000
10000000
10000000
10000000
10000000
10000000
10000000
1717
1881
1994
2260
2450
2690
2908
3283
3743
10000000
10000000
10000000
10000000
10000000
10000000
10000000
10000000
10000000
10000000
10000000
10000000
10000000
10000000
10000000
10000000
10000000
10000000
10000000
10000000
10000000
10000000
1629
1773
1947
2179
2428
2671
2871
3256
3695
4100
10000000
10000000
10000000
10000000
10000000
10000000
10000000
10000000
10000000
10000000
10000000
10000000
10000000
10000000
10000000
10000000
10000000
10000000
10000000
10000000
10000000
1660
1815
1969
2173
2442
2658
2861
3223
3682
4093
4417
10000000
10000000
10000000
10000000
10000000
10000000
10000000
10000000
10000000
10000000
10000000
10000000
10000000
10000000
10000000
10000000
10000000
10000000
10000000
10000000
1654
1773
1940
2228
2466
2668
2879
3215
3676
4044
4365
4942
10000000
10000000
10000000
10000000
10000000
10000000
10000000
10000000
10000000
10000000
10000000
10000000
10000000
10000000
10000000
10000000
10000000
10000000
10000000
1631
1778
1911
2235
2454
2668
2888
3261
3745
4148
4444
4905
5278
10000000
10000000
10000000
10000000
10000000
10000000
10000000
10000000
10000000
10000000
10000000
10000000
10000000
10000000
10000000
10000000
10000000
10000000
1628
1768
1970
2209
2463
2705
2941
3306
3760
4194
4517
4937
5308
5613
10000000
10000000
10000000
10000000
10000000
10000000
10000000
10000000
10000000
10000000
10000000
10000000
10000000
10000000
10000000
10000000
10000000
1689
1813
1962
2201
2453
2676
2883
3253
3743
4162
4436
4912
5272
5631
5893
10000000
10000000
10000000
10000000
10000000
10000000
10000000
10000000
10000000
10000000
10000000
10000000
10000000
10000000
10000000
10000000
1636
1820
1946
2222
2441
2668
2906
3312
3719
4116
4484
4924
5213
5608
5869
6178
10000000
10000000
10000000
10000000
10000000
10000000
10000000
10000000
10000000
10000000
10000000
10000000
10000000
10000000
10000000
1714
1804
2033
2253
2461
2674
2913
3295
3759
4152
4457
4980
5316
5563
5819
6187
6480
10000000
10000000
10000000
10000000
10000000
10000000
10000000
10000000
10000000
10000000
10000000
10000000
10000000
10000000
1687
1787
1960
2202
2457
2665
2907
3287
3739
4208
4484
4921
5313
5605
5915
6230
6502
6763
10000000
10000000
10000000
10000000
10000000
10000000
10000000
10000000
10000000
10000000
10000000
10000000
10000000
1625
1773
1971
2267
2499
2676
2928
3286
3729
4143
4489
4863
5291
5579
5863
6188
6550
6680
7021
10000000
10000000
10000000
10000000
10000000
10000000
10000000
10000000
10000000
10000000
10000000
10000000
1618
1817
1958
2256
2416
2645
2896
3223
3728
4120
4407
4890
5303
5488
5863
6238
6473
6652
6994
7570
10000000
10000000
10000000
10000000
10000000
10000000
10000000
10000000
10000000
10000000
10000000
1604
1766
1949
2234
2473
2667
2893
3255
3730
4137
4443
4913
5213
5519
5832
6162
6500
6691
7045
7594
8198
10000000
10000000
10000000
10000000
10000000
10000000
10000000
10000000
10000000
10000000
1674
1804
1935
2259
2499
2722
2941
3364
3856
4205
4539
4965
5328
5604
5879
6210
6531
6833
7190
7694
8242
8744
10000000
10000000
10000000
10000000
10000000
10000000
10000000
10000000
10000000
1716
1803
1961
2239
2488
2693
2918
3305
3787
4217
4542
4992
5338
5649
5956
6272
6587
6778
7161
7743
8288
8736
9430
10000000
10000000
10000000
10000000
10000000
10000000
10000000
10000000
1740
1828
2034
2250
2521
2583
2923
3390
3924
4262
4583
4988
5376
5664
5874
6266
6624
6848
7169
7757
8308
8800
9362
9806
10000000
10000000
10000000
10000000
10000000
10000000
10000000
1622
1815
1990
2330
2517
2702
2925
3484
4155
4629
4958
5473
5803
6165
6480
6854
7252
7631
8117
8385
9077
9514
9966
10494
11289
10000000
10000000
10000000
10000000
10000000
10000000
1910
2045
2296
2524
2818
3065
3296
3801
4361
4846
5075
5475
5949
6120
6378
6627
7113
7273
7669
8021
8677
9134
9835
10250
10583
10853
10000000
10000000
10000000
10000000
10000000
1857
1941
2114
2391
2669
2912
3154
3575
4084
4528
4905
5452
5760
6098
6436
7129
7334
7262
7467
8128
8668
9221
9829
10254
10636
10965
11105