10000000
10000000
10000000
10000000
10000000
10000000
10000000
10000000
10000000
10000000
10000000
10000000
10000000
10000000
10000000
10000000
10000000
10000000
10000000
10000000
10000000
10000000
10000000
10000000
10000000
10000000
10000000
10000000
10000000
10000000
10000000
10000000
10000000
10000000
10000000
10000000
10000000
10000000
10000000
10000000
10000000
10000000
10000000
10000000
10000000
10000000
10000000
10000000
10000000
10000000
10000000
10000000
10000000
10000000
10000000
10000000
10000000
10000000
10000000
10000000
10000000
10000000
10000000
10000000
10000000
10000000
10000000
10000000
10000000
10000000
10000000
10000000
10000000
10000000
10000000
10000000
10000000
10000000
10000000
10000000
10000000
10000000
10000000
10000000
10000000
10000000
10000000
10000000
10000000
10000000
10000000
10000000
10000000
10000000
10000000
10000000
10000000
10000000
10000000
10000000
10000000
10000000
10000000
10000000
10000000
10000000
10000000
10000000
10000000
10000000
10000000
10000000
10000000
10000000
10000000
10000000
10000000
10000000
10000000
10000000
10000000
10000000
10000000
10000000
10000000
10000000
10000000
10000000
10000000
10000000
10000000
10000000
10000000
10000000
10000000
10000000
10000000
10000000
10000000
10000000
10000000
10000000
10000000
10000000
10000000
10000000
10000000
10000000
10000000
10000000
10000000
10000000
10000000
10000000
10000000
10000000
10000000
10000000
10000000
10000000
1788
10000000
10000000
10000000
10000000
10000000
10000000
10000000
10000000
10000000
10000000
10000000
10000000
10000000
10000000
10000000
10000000
10000000
10000000
10000000
10000000
10000000
10000000
10000000
10000000
10000000
10000000
10000000
10000000
10000000
10000000
1780
1932
10000000
10000000
10000000
10000000
10000000
10000000
10000000
10000000
10000000
10000000
10000000
10000000
10000000
10000000
10000000
10000000
10000000
10000000
10000000
10000000
10000000
10000000
10000000
10000000
10000000
10000000
10000000
10000000
10000000
1774
1958
2242
10000000
10000000
10000000
10000000
10000000
10000000
10000000
10000000
10000000
10000000
10000000
10000000
10000000
10000000
10000000
10000000
10000000
10000000
10000000
10000000
10000000
10000000
10000000
10000000
10000000
10000000
10000000
10000000
1763
1966
2203
2437
10000000
10000000
10000000
10000000
10000000
10000000
10000000
10000000
10000000
10000000
10000000
10000000
10000000
10000000
10000000
10000000
10000000
10000000
10000000
10000000
10000000
10000000
10000000
10000000
10000000
10000000
10000000
1780
1992
2213
2434
2669
10000000
10000000
10000000
10000000
10000000
10000000
10000000
10000000
10000000
10000000
10000000
10000000
10000000
10000000
10000000
10000000
10000000
10000000
10000000
10000000
10000000
10000000
10000000
10000000
10000000
10000000
1752
1954
2239
2429
2666
2907
10000000
10000000
10000000
10000000
10000000
10000000
10000000
10000000
10000000
10000000
10000000
10000000
10000000
10000000
10000000
10000000
10000000
10000000
10000000
10000000
10000000
10000000
10000000
10000000
10000000
1792
1937
2217
2423
2650
2883
3255
10000000
10000000
10000000
10000000
10000000
10000000
10000000
10000000
10000000
10000000
10000000
10000000
10000000
10000000
10000000
10000000
10000000
10000000
10000000
10000000
10000000
10000000
10000000
10000000
1856
1947
2149
2408
2630
2897
3250
3783
10000000
10000000
10000000
10000000
10000000
10000000
10000000
10000000
10000000
10000000
10000000
10000000
10000000
10000000
10000000
10000000
10000000
10000000
10000000
10000000
10000000
10000000
10000000
1784
1964
2260
2459
2640
2917
3288
3726
4160
10000000
10000000
10000000
10000000
10000000
10000000
10000000
10000000
10000000
10000000
10000000
10000000
10000000
10000000
10000000
10000000
10000000
10000000
10000000
10000000
10000000
10000000
1762
1949
2228
2461
2657
2907
3250
3719
4081
4491
10000000
10000000
10000000
10000000
10000000
10000000
10000000
10000000
10000000
10000000
10000000
10000000
10000000
10000000
10000000
10000000
10000000
10000000
10000000
10000000
10000000
1780
1974
2178
2481
2646
2904
3307
3745
4144
4468
4883
10000000
10000000
10000000
10000000
10000000
10000000
10000000
10000000
10000000
10000000
10000000
10000000
10000000
10000000
10000000
10000000
10000000
10000000
10000000
10000000
1872
1922
2249
2441
2667
2912
3268
3778
4189
4453
4909
5221
10000000
10000000
10000000
10000000
10000000
10000000
10000000
10000000
10000000
10000000
10000000
10000000
10000000
10000000
10000000
10000000
10000000
10000000
10000000
1774
1930
2202
2417
2670
2877
3274
3764
4088
4437
4891
5244
5591
10000000
10000000
10000000
10000000
10000000
10000000
10000000
10000000
10000000
10000000
10000000
10000000
10000000
10000000
10000000
10000000
10000000
10000000
1774
1957
2275
2443
2655
2890
3279
3747
4150
4464
4865
5181
5538
5866
10000000
10000000
10000000
10000000
10000000
10000000
10000000
10000000
10000000
10000000
10000000
10000000
10000000
10000000
10000000
10000000
10000000
1785
2016
2206
2420
2629
2866
3263
3688
4069
4410
4874
5214
5435
5790
6141
10000000
10000000
10000000
10000000
10000000
10000000
10000000
10000000
10000000
10000000
10000000
10000000
10000000
10000000
10000000
10000000
1756
1951
2237
2412
2642
2877
3195
3695
4074
4437
4822
5220
5447
5727
6149
6430
10000000
10000000
10000000
10000000
10000000
10000000
10000000
10000000
10000000
10000000
10000000
10000000
10000000
10000000
10000000
1752
1949
2290
2447
2635
2878
3259
3713
4126
4424
4856
5244
5544
5806
6194
6448
6670
10000000
10000000
10000000
10000000
10000000
10000000
10000000
10000000
10000000
10000000
10000000
10000000
10000000
10000000
1764
1965
2210
2429
2650
2884
3252
3727
4107
4429
4909
5235
5526
5841
6166
6492
6695
7054
10000000
10000000
10000000
10000000
10000000
10000000
10000000
10000000
10000000
10000000
10000000
10000000
10000000
1760
1971
2177
2432
2622
2864
3224
3668
4108
4403
4851
5238
5512
5830
6169
6521
6643
6915
7433
10000000
10000000
10000000
10000000
10000000
10000000
10000000
10000000
10000000
10000000
10000000
10000000
1756
2033
2187
2473
2660
2889
3252
3727
4152
4476
4949
5255
5617
5881
6252
6503
6671
7071
7614
8295
10000000
10000000
10000000
10000000
10000000
10000000
10000000
10000000
10000000
10000000
10000000
1771
1951
2207
2482
2673
2859
3288
3730
4162
4449
4946
5268
5646
5889
6284
6532
6731
7023
7598
8224
8716
10000000
10000000
10000000
10000000
10000000
10000000
10000000
10000000
10000000
10000000
1782
1991
2203
2487
2699
2907
3262
3763
4191
4480
4939
5301
5567
5957
6338
6510
6775
7106
7653
8196
8615
9322
10000000
10000000
10000000
10000000
10000000
10000000
10000000
10000000
10000000
1792
1968
2261
2476
2625
2913
3236
3694
4102
4439
4901
5299
5555
5859
6259
6491
6683
6960
7548
7994
8463
9384
9762
10000000
10000000
10000000
10000000
10000000
10000000
10000000
10000000
1803
2017
2310
2461
2706
2921
3336
3738
4128
4485
4917
5225
5654
5980
6270
6524
6776
7104
7569
8177
8702
9246
9650
10035
10000000
10000000
10000000
10000000
10000000
10000000
10000000
1875
1966
2298
2481
2684
2943
3287
3802
4216
4486
4923
5304
5610
5875
6322
6523
6736
7114
7627
8229
8663
9188
9710
10034
10426
10000000
10000000
10000000
10000000
10000000
10000000
1782
1979
2212
2415
2742
3014
3407
3841
4324
4666
5144
5493
5777
6080
6353
6522
6865
7328
7948
8525
8975
9618
10094
10315
10524
10648