10000000
10000000
10000000
10000000
10000000
10000000
10000000
10000000
10000000
10000000
10000000
10000000
10000000
10000000
10000000
10000000
10000000
10000000
10000000
10000000
10000000
10000000
10000000
10000000
10000000
10000000
10000000
10000000
10000000
10000000
10000000
10000000
10000000
10000000
10000000
10000000
10000000
10000000
10000000
10000000
10000000
10000000
10000000
10000000
10000000
10000000
10000000
10000000
10000000
10000000
10000000
10000000
10000000
10000000
10000000
10000000
10000000
10000000
10000000
10000000
10000000
10000000
10000000
10000000
10000000
10000000
10000000
10000000
10000000
10000000
10000000
10000000
10000000
10000000
10000000
10000000
10000000
10000000
10000000
10000000
10000000
10000000
10000000
10000000
10000000
10000000
10000000
10000000
10000000
10000000
10000000
10000000
10000000
10000000
10000000
10000000
10000000
10000000
10000000
10000000
10000000
10000000
10000000
10000000
10000000
10000000
10000000
10000000
10000000
10000000
10000000
10000000
10000000
10000000
10000000
10000000
10000000
10000000
10000000
10000000
10000000
10000000
10000000
10000000
10000000
10000000
10000000
10000000
10000000
10000000
10000000
10000000
10000000
10000000
10000000
10000000
10000000
10000000
10000000
10000000
10000000
10000000
10000000
10000000
10000000
10000000
10000000
10000000
10000000
10000000
10000000
10000000
10000000
10000000
10000000
10000000
10000000
10000000
10000000
10000000
1939
10000000
10000000
10000000
10000000
10000000
10000000
10000000
10000000
10000000
10000000
10000000
10000000
10000000
10000000
10000000
10000000
10000000
10000000
10000000
10000000
10000000
10000000
10000000
10000000
10000000
10000000
10000000
10000000
10000000
10000000
1922
2266
10000000
10000000
10000000
10000000
10000000
10000000
10000000
10000000
10000000
10000000
10000000
10000000
10000000
10000000
10000000
10000000
10000000
10000000
10000000
10000000
10000000
10000000
10000000
10000000
10000000
10000000
10000000
10000000
10000000
1956
2224
2443
10000000
10000000
10000000
10000000
10000000
10000000
10000000
10000000
10000000
10000000
10000000
10000000
10000000
10000000
10000000
10000000
10000000
10000000
10000000
10000000
10000000
10000000
10000000
10000000
10000000
10000000
10000000
10000000
1909
2238
2474
2668
10000000
10000000
10000000
10000000
10000000
10000000
10000000
10000000
10000000
10000000
10000000
10000000
10000000
10000000
10000000
10000000
10000000
10000000
10000000
10000000
10000000
10000000
10000000
10000000
10000000
10000000
10000000
1932
2250
2496
2683
2883
10000000
10000000
10000000
10000000
10000000
10000000
10000000
10000000
10000000
10000000
10000000
10000000
10000000
10000000
10000000
10000000
10000000
10000000
10000000
10000000
10000000
10000000
10000000
10000000
10000000
10000000
1934
2312
2503
2728
2883
3171
10000000
10000000
10000000
10000000
10000000
10000000
10000000
10000000
10000000
10000000
10000000
10000000
10000000
10000000
10000000
10000000
10000000
10000000
10000000
10000000
10000000
10000000
10000000
10000000
10000000
1884
2172
2482
2696
2916
3206
3611
10000000
10000000
10000000
10000000
10000000
10000000
10000000
10000000
10000000
10000000
10000000
10000000
10000000
10000000
10000000
10000000
10000000
10000000
10000000
10000000
10000000
10000000
10000000
10000000
1939
2193
2513
2683
2900
3197
3611
4003
10000000
10000000
10000000
10000000
10000000
10000000
10000000
10000000
10000000
10000000
10000000
10000000
10000000
10000000
10000000
10000000
10000000
10000000
10000000
10000000
10000000
10000000
10000000
1922
2195
2448
2690
2902
3214
3627
4021
4299
10000000
10000000
10000000
10000000
10000000
10000000
10000000
10000000
10000000
10000000
10000000
10000000
10000000
10000000
10000000
10000000
10000000
10000000
10000000
10000000
10000000
10000000
1916
2212
2512
2688
2899
3208
3650
4033
4290
4954
10000000
10000000
10000000
10000000
10000000
10000000
10000000
10000000
10000000
10000000
10000000
10000000
10000000
10000000
10000000
10000000
10000000
10000000
10000000
10000000
10000000
1935
2163
2458
2681
2892
3245
3673
3998
4266
4922
5348
10000000
10000000
10000000
10000000
10000000
10000000
10000000
10000000
10000000
10000000
10000000
10000000
10000000
10000000
10000000
10000000
10000000
10000000
10000000
10000000
1931
2183
2441
2699
2919
3147
3585
3962
4311
4930
5389
5716
10000000
10000000
10000000
10000000
10000000
10000000
10000000
10000000
10000000
10000000
10000000
10000000
10000000
10000000
10000000
10000000
10000000
10000000
10000000
1924
2231
2513
2685
2912
3184
3615
3983
4301
4896
5400
5767
6126
10000000
10000000
10000000
10000000
10000000
10000000
10000000
10000000
10000000
10000000
10000000
10000000
10000000
10000000
10000000
10000000
10000000
10000000
1951
2274
2436
2705
2875
3236
3675
3997
4285
4978
5481
5801
6030
6539
10000000
10000000
10000000
10000000
10000000
10000000
10000000
10000000
10000000
10000000
10000000
10000000
10000000
10000000
10000000
10000000
10000000
1949
2170
2459
2693
2935
3228
3625
4036
4302
4929
5399
5721
6081
6448
6766
10000000
10000000
10000000
10000000
10000000
10000000
10000000
10000000
10000000
10000000
10000000
10000000
10000000
10000000
10000000
10000000
1910
2197
2513
2692
2893
3184
3598
3983
4289
4927
5424
5786
6031
6473
6843
7136
10000000
10000000
10000000
10000000
10000000
10000000
10000000
10000000
10000000
10000000
10000000
10000000
10000000
10000000
10000000
1943
2227
2444
2725
2954
3207
3608
4024
4322
4964
5434
5764
6034
6379
6801
7195
7375
10000000
10000000
10000000
10000000
10000000
10000000
10000000
10000000
10000000
10000000
10000000
10000000
10000000
10000000
1929
2183
2463
2697
2931
3228
3657
3984
4304
4958
5377
5715
6024
6447
6873
7214
7421
7793
10000000
10000000
10000000
10000000
10000000
10000000
10000000
10000000
10000000
10000000
10000000
10000000
10000000
1925
2264
2447
2676
2874
3182
3606
3980
4272
4932
5431
5750
6000
6399
6794
7131
7342
7773
8284
10000000
10000000
10000000
10000000
10000000
10000000
10000000
10000000
10000000
10000000
10000000
10000000
1943
2231
2501
2709
2906
3173
3613
3979
4304
4890
5403
5731
6024
6529
6808
7149
7373
7810
8225
8723
10000000
10000000
10000000
10000000
10000000
10000000
10000000
10000000
10000000
10000000
10000000
1913
2198
2452
2696
2920
3208
3604
3991
4312
4877
5417
5702
6022
6439
6817
7219
7368
7706
8210
8638
9494
10000000
10000000
10000000
10000000
10000000
10000000
10000000
10000000
10000000
10000000
1937
2249
2476
2731
2906
3209
3625
3981
4312
4904
5354
5669
6043
6480
6783
7112
7421
7772
8222
8634
9459
10153
10000000
10000000
10000000
10000000
10000000
10000000
10000000
10000000
10000000
1921
2223
2489
2691
2901
3181
3621
3954
4274
4875
5368
5719
6025
6499
6812
7197
7377
7772
8227
8674
9460
10141
10686
10000000
10000000
10000000
10000000
10000000
10000000
10000000
10000000
1944
2230
2443
2682
2921
3220
3654
4021
4302
4878
5403
6037
6062
6684
7032
7320
7611
8016
8397
8875
9693
10459
10864
11218
10000000
10000000
10000000
10000000
10000000
10000000
10000000
1978
2279
2551
2761
3007
3303
3689
3946
4271
4917
5715
5706
6037
6439
6831
7109
7304
7885
8228
8643
9495
10149
10557
10953
11383
10000000
10000000
10000000
10000000
10000000
10000000
1910
2134
2466
2682
2822
3157
3563
3954
4256
4870
5385
5735
5954
6435
6803
7098
7339
7805
8269
8541
9636
10150
10523
10955
11369
11574