10000000
10000000
10000000
10000000
10000000
10000000
10000000
10000000
10000000
10000000
10000000
10000000
10000000
10000000
10000000
10000000
10000000
10000000
10000000
10000000
10000000
10000000
10000000
10000000
10000000
10000000
10000000
10000000
10000000
10000000
10000000
10000000
10000000
10000000
10000000
10000000
10000000
10000000
10000000
10000000
10000000
10000000
10000000
10000000
10000000
10000000
10000000
10000000
10000000
10000000
10000000
10000000
10000000
10000000
10000000
10000000
10000000
10000000
10000000
10000000
10000000
10000000
10000000
10000000
10000000
10000000
10000000
10000000
10000000
10000000
10000000
10000000
10000000
10000000
10000000
10000000
10000000
10000000
10000000
10000000
10000000
10000000
10000000
10000000
10000000
10000000
10000000
10000000
10000000
10000000
10000000
10000000
10000000
10000000
10000000
10000000
10000000
10000000
10000000
10000000
10000000
10000000
10000000
10000000
10000000
10000000
10000000
10000000
10000000
10000000
10000000
10000000
10000000
10000000
10000000
10000000
10000000
10000000
10000000
10000000
10000000
10000000
10000000
10000000
10000000
10000000
10000000
10000000
10000000
10000000
10000000
10000000
10000000
10000000
10000000
10000000
10000000
10000000
10000000
10000000
10000000
10000000
10000000
10000000
10000000
10000000
10000000
10000000
10000000
10000000
10000000
10000000
10000000
10000000
10000000
10000000
10000000
10000000
10000000
10000000
2142
10000000
10000000
10000000
10000000
10000000
10000000
10000000
10000000
10000000
10000000
10000000
10000000
10000000
10000000
10000000
10000000
10000000
10000000
10000000
10000000
10000000
10000000
10000000
10000000
10000000
10000000
10000000
10000000
10000000
10000000
2161
2516
10000000
10000000
10000000
10000000
10000000
10000000
10000000
10000000
10000000
10000000
10000000
10000000
10000000
10000000
10000000
10000000
10000000
10000000
10000000
10000000
10000000
10000000
10000000
10000000
10000000
10000000
10000000
10000000
10000000
2170
2477
2687
10000000
10000000
10000000
10000000
10000000
10000000
10000000
10000000
10000000
10000000
10000000
10000000
10000000
10000000
10000000
10000000
10000000
10000000
10000000
10000000
10000000
10000000
10000000
10000000
10000000
10000000
10000000
10000000
2165
2458
2789
2990
10000000
10000000
10000000
10000000
10000000
10000000
10000000
10000000
10000000
10000000
10000000
10000000
10000000
10000000
10000000
10000000
10000000
10000000
10000000
10000000
10000000
10000000
10000000
10000000
10000000
10000000
10000000
2202
2407
2774
3016
3331
10000000
10000000
10000000
10000000
10000000
10000000
10000000
10000000
10000000
10000000
10000000
10000000
10000000
10000000
10000000
10000000
10000000
10000000
10000000
10000000
10000000
10000000
10000000
10000000
10000000
10000000
2170
2532
2752
3013
3152
3522
10000000
10000000
10000000
10000000
10000000
10000000
10000000
10000000
10000000
10000000
10000000
10000000
10000000
10000000
10000000
10000000
10000000
10000000
10000000
10000000
10000000
10000000
10000000
10000000
10000000
2174
2512
2745
3024
3279
3546
4086
10000000
10000000
10000000
10000000
10000000
10000000
10000000
10000000
10000000
10000000
10000000
10000000
10000000
10000000
10000000
10000000
10000000
10000000
10000000
10000000
10000000
10000000
10000000
10000000
2150
2458
2761
2989
3333
3581
4032
4537
10000000
10000000
10000000
10000000
10000000
10000000
10000000
10000000
10000000
10000000
10000000
10000000
10000000
10000000
10000000
10000000
10000000
10000000
10000000
10000000
10000000
10000000
10000000
2146
2466
2817
2990
3261
3613
4049
4576
4926
10000000
10000000
10000000
10000000
10000000
10000000
10000000
10000000
10000000
10000000
10000000
10000000
10000000
10000000
10000000
10000000
10000000
10000000
10000000
10000000
10000000
10000000
2155
2422
2763
3052
3279
3561
4158
4768
5118
5733
10000000
10000000
10000000
10000000
10000000
10000000
10000000
10000000
10000000
10000000
10000000
10000000
10000000
10000000
10000000
10000000
10000000
10000000
10000000
10000000
10000000
2168
2501
2801
3017
3283
3624
4111
4585
4927
5629
6178
10000000
10000000
10000000
10000000
10000000
10000000
10000000
10000000
10000000
10000000
10000000
10000000
10000000
10000000
10000000
10000000
10000000
10000000
10000000
10000000
2180
2503
2790
3023
3248
3604
4025
4538
4885
5617
6154
6485
10000000
10000000
10000000
10000000
10000000
10000000
10000000
10000000
10000000
10000000
10000000
10000000
10000000
10000000
10000000
10000000
10000000
10000000
10000000
2157
2477
2694
3027
3286
3612
4060
4572
4958
5611
6160
6612
6936
10000000
10000000
10000000
10000000
10000000
10000000
10000000
10000000
10000000
10000000
10000000
10000000
10000000
10000000
10000000
10000000
10000000
10000000
2174
2457
2794
3045
3291
3616
4051
4573
4926
5582
6123
6497
6893
7165
10000000
10000000
10000000
10000000
10000000
10000000
10000000
10000000
10000000
10000000
10000000
10000000
10000000
10000000
10000000
10000000
10000000
2156
2573
2747
3015
3268
3617
4050
4557
4966
5647
6218
6549
6910
7341
7705
10000000
10000000
10000000
10000000
10000000
10000000
10000000
10000000
10000000
10000000
10000000
10000000
10000000
10000000
10000000
10000000
2177
2445
2737
3020
3268
3606
4027
4546
4971
5621
6126
6479
6827
7316
7627
8036
10000000
10000000
10000000
10000000
10000000
10000000
10000000
10000000
10000000
10000000
10000000
10000000
10000000
10000000
10000000
2165
2543
2820
2995
3237
3598
4057
4543
5068
5637
6082
6483
6817
7317
7629
8006
8303
10000000
10000000
10000000
10000000
10000000
10000000
10000000
10000000
10000000
10000000
10000000
10000000
10000000
10000000
2140
2431
2747
2988
3228
3588
4044
4551
4850
5573
6102
6450
6860
7274
7653
7955
8357
8876
10000000
10000000
10000000
10000000
10000000
10000000
10000000
10000000
10000000
10000000
10000000
10000000
10000000
2128
2554
2649
2999
3227
3562
4012
4496
4886
5553
6162
6450
6740
7153
7557
7940
8188
8674
9290
10000000
10000000
10000000
10000000
10000000
10000000
10000000
10000000
10000000
10000000
10000000
10000000
2136
2404
2708
2925
3236
3565
4011
4506
4850
5541
6084
6456
6858
7199
7650
8029
8273
8684
9366
9836
10000000
10000000
10000000
10000000
10000000
10000000
10000000
10000000
10000000
10000000
10000000
2096
2425
2735
3041
3295
3617
4101
4625
4930
5594
6219
6536
6855
7307
7719
8022
8261
8707
9364
9792
10714
10000000
10000000
10000000
10000000
10000000
10000000
10000000
10000000
10000000
10000000
2157
2457
2679
3016
3237
3573
4031
4523
4948
5700
6138
6487
6851
7240
7652
7993
8277
8747
9370
10023
10940
11756
10000000
10000000
10000000
10000000
10000000
10000000
10000000
10000000
10000000
2251
2569
2827
3127
3386
3771
4151
4708
5067
5766
6221
6502
6944
7432
7939
8085
8277
8652
9281
9746
10720
11335
11818
10000000
10000000
10000000
10000000
10000000
10000000
10000000
10000000
2169
2420
2718
2987
3234
3572
3999
4511
4915
5586
6072
6331
6770
7282
7596
7818
8128
8579
9199
9742
10632
11494
11791
12174
10000000
10000000
10000000
10000000
10000000
10000000
10000000
2143
2419
2713
2949
3229
3551
4019
4554
4959
5622
6122
6405
6696
7275
7625
7970
8199
8738
9459
9716
10567
11304
11850
12191
12547
10000000
10000000
10000000
10000000
10000000
10000000
2120
2456
2707
2941
3207
3543
3982
4469
4888
5490
5981
6287
6688
7110
7526
7865
8176
8627
9151
9677
10454
11205
11827
12157
12458
12786