10000000
10000000
10000000
10000000
10000000
10000000
10000000
10000000
10000000
10000000
10000000
10000000
10000000
10000000
10000000
10000000
10000000
10000000
10000000
10000000
10000000
10000000
10000000
10000000
10000000
10000000
10000000
10000000
10000000
10000000
10000000
10000000
10000000
10000000
10000000
10000000
10000000
10000000
10000000
10000000
10000000
10000000
10000000
10000000
10000000
10000000
10000000
10000000
10000000
10000000
10000000
10000000
10000000
10000000
10000000
10000000
10000000
10000000
10000000
10000000
10000000
10000000
10000000
10000000
10000000
10000000
10000000
10000000
10000000
10000000
10000000
10000000
10000000
10000000
10000000
10000000
10000000
10000000
10000000
10000000
10000000
10000000
10000000
10000000
10000000
10000000
10000000
10000000
10000000
10000000
10000000
10000000
10000000
10000000
10000000
10000000
10000000
10000000
10000000
10000000
10000000
10000000
10000000
10000000
10000000
10000000
10000000
10000000
10000000
10000000
10000000
10000000
10000000
10000000
10000000
10000000
10000000
10000000
10000000
10000000
10000000
10000000
10000000
10000000
10000000
10000000
10000000
10000000
10000000
10000000
10000000
10000000
10000000
10000000
10000000
10000000
10000000
10000000
10000000
10000000
10000000
10000000
10000000
10000000
10000000
10000000
10000000
10000000
10000000
10000000
10000000
10000000
10000000
10000000
10000000
10000000
10000000
10000000
10000000
10000000
2083
10000000
10000000
10000000
10000000
10000000
10000000
10000000
10000000
10000000
10000000
10000000
10000000
10000000
10000000
10000000
10000000
10000000
10000000
10000000
10000000
10000000
10000000
10000000
10000000
10000000
10000000
10000000
10000000
10000000
10000000
2077
2393
10000000
10000000
10000000
10000000
10000000
10000000
10000000
10000000
10000000
10000000
10000000
10000000
10000000
10000000
10000000
10000000
10000000
10000000
10000000
10000000
10000000
10000000
10000000
10000000
10000000
10000000
10000000
10000000
10000000
2115
2402
2668
10000000
10000000
10000000
10000000
10000000
10000000
10000000
10000000
10000000
10000000
10000000
10000000
10000000
10000000
10000000
10000000
10000000
10000000
10000000
10000000
10000000
10000000
10000000
10000000
10000000
10000000
10000000
10000000
2074
2423
2706
2919
10000000
10000000
10000000
10000000
10000000
10000000
10000000
10000000
10000000
10000000
10000000
10000000
10000000
10000000
10000000
10000000
10000000
10000000
10000000
10000000
10000000
10000000
10000000
10000000
10000000
10000000
10000000
2113
2455
2663
2948
3229
10000000
10000000
10000000
10000000
10000000
10000000
10000000
10000000
10000000
10000000
10000000
10000000
10000000
10000000
10000000
10000000
10000000
10000000
10000000
10000000
10000000
10000000
10000000
10000000
10000000
10000000
2110
2444
2764
2964
3203
3521
10000000
10000000
10000000
10000000
10000000
10000000
10000000
10000000
10000000
10000000
10000000
10000000
10000000
10000000
10000000
10000000
10000000
10000000
10000000
10000000
10000000
10000000
10000000
10000000
10000000
2115
2394
2740
2913
3212
3540
3991
10000000
10000000
10000000
10000000
10000000
10000000
10000000
10000000
10000000
10000000
10000000
10000000
10000000
10000000
10000000
10000000
10000000
10000000
10000000
10000000
10000000
10000000
10000000
10000000
2099
2410
2720
2951
3214
3591
3983
4519
10000000
10000000
10000000
10000000
10000000
10000000
10000000
10000000
10000000
10000000
10000000
10000000
10000000
10000000
10000000
10000000
10000000
10000000
10000000
10000000
10000000
10000000
10000000
2123
2386
2763
2970
3196
3561
3991
4512
4864
10000000
10000000
10000000
10000000
10000000
10000000
10000000
10000000
10000000
10000000
10000000
10000000
10000000
10000000
10000000
10000000
10000000
10000000
10000000
10000000
10000000
10000000
2173
2456
2805
2937
3206
3525
3997
4468
4814
5455
10000000
10000000
10000000
10000000
10000000
10000000
10000000
10000000
10000000
10000000
10000000
10000000
10000000
10000000
10000000
10000000
10000000
10000000
10000000
10000000
10000000
2155
2378
2753
2964
3259
3576
3945
4525
4849
5548
6046
10000000
10000000
10000000
10000000
10000000
10000000
10000000
10000000
10000000
10000000
10000000
10000000
10000000
10000000
10000000
10000000
10000000
10000000
10000000
10000000
2090
2547
2703
2970
3174
3532
3949
4495
4839
5535
6048
6403
10000000
10000000
10000000
10000000
10000000
10000000
10000000
10000000
10000000
10000000
10000000
10000000
10000000
10000000
10000000
10000000
10000000
10000000
10000000
2120
2391
2668
2931
3203
3540
3981
4462
4816
5469
5948
6405
6780
10000000
10000000
10000000
10000000
10000000
10000000
10000000
10000000
10000000
10000000
10000000
10000000
10000000
10000000
10000000
10000000
10000000
10000000
2146
2418
2727
2991
3223
3542
3984
4524
4897
5473
6030
6449
6869
7234
10000000
10000000
10000000
10000000
10000000
10000000
10000000
10000000
10000000
10000000
10000000
10000000
10000000
10000000
10000000
10000000
10000000
2171
2461
2768
2968
3213
3555
4007
4483
4881
5533
6065
6493
6909
7227
7637
10000000
10000000
10000000
10000000
10000000
10000000
10000000
10000000
10000000
10000000
10000000
10000000
10000000
10000000
10000000
10000000
2159
2451
2711
2928
3219
3564
3999
4518
4883
5529
6125
6452
6786
7219
7619
7942
10000000
10000000
10000000
10000000
10000000
10000000
10000000
10000000
10000000
10000000
10000000
10000000
10000000
10000000
10000000
2134
2447
2760
2959
3269
3589
4074
4525
4864
5527
6019
6509
6790
7154
7600
7980
8284
10000000
10000000
10000000
10000000
10000000
10000000
10000000
10000000
10000000
10000000
10000000
10000000
10000000
10000000
2133
2473
2774
3000
3236
3571
4002
4506
4865
5537
6148
6412
6790
7241
7702
7857
8083
8674
10000000
10000000
10000000
10000000
10000000
10000000
10000000
10000000
10000000
10000000
10000000
10000000
10000000
2178
2457
2719
2971
3264
3585
4008
4541
4863
5547
6093
6434
6764
7264
7648
8020
8258
8673
9319
10000000
10000000
10000000
10000000
10000000
10000000
10000000
10000000
10000000
10000000
10000000
10000000
2146
2483
2704
3007
3269
3621
4027
4545
4902
5571
6174
6477
6821
7321
7703
8022
8298
8734
9274
9837
10000000
10000000
10000000
10000000
10000000
10000000
10000000
10000000
10000000
10000000
10000000
2166
2480
2789
2979
3298
3626
4038
4548
4908
5579
6151
6514
6833
7304
7672
8007
8248
8707
9333
9807
10831
10000000
10000000
10000000
10000000
10000000
10000000
10000000
10000000
10000000
10000000
2226
2465
2727
3004
3283
3578
4067
4609
4975
5642
6208
6516
6904
7362
7630
8015
8309
8783
9497
9825
10698
11353
10000000
10000000
10000000
10000000
10000000
10000000
10000000
10000000
10000000
2176
2589
2786
2971
3274
3612
4084
4591
4926
5601
6089
6441
6828
7306
7631
8044
8235
8651
9231
9724
10652
11541
11898
10000000
10000000
10000000
10000000
10000000
10000000
10000000
10000000
2135
2480
2691
3017
3247
3599
4035
4526
4881
5576
6105
6505
6832
7149
7652
7976
8211
8664
9394
9842
10652
11401
11822
12414
10000000
10000000
10000000
10000000
10000000
10000000
10000000
2142
2447
2711
2952
3220
3565
4024
4548
4886
5533
6121
6460
6815
7388
7737
8053
8259
8747
9352
9745
10824
11424
11842
12303
12674
10000000
10000000
10000000
10000000
10000000
10000000
2150
2462
2678
3041
3286
3596
4040
4560
4908
5579
6142
6503
6834
7297
7787
8076
8336
8758
9307
9920
10939
11501
11929
12323
12654
13107