10000000
10000000
10000000
10000000
10000000
10000000
10000000
10000000
10000000
10000000
10000000
10000000
10000000
10000000
10000000
10000000
10000000
10000000
10000000
10000000
10000000
10000000
10000000
10000000
10000000
10000000
10000000
10000000
10000000
10000000
10000000
10000000
10000000
10000000
10000000
10000000
10000000
10000000
10000000
10000000
10000000
10000000
10000000
10000000
10000000
10000000
10000000
10000000
10000000
10000000
10000000
10000000
10000000
10000000
10000000
10000000
10000000
10000000
10000000
10000000
10000000
10000000
10000000
10000000
10000000
10000000
10000000
10000000
10000000
10000000
10000000
10000000
10000000
10000000
10000000
10000000
10000000
10000000
10000000
10000000
10000000
10000000
10000000
10000000
10000000
10000000
10000000
10000000
10000000
10000000
10000000
10000000
10000000
10000000
10000000
10000000
10000000
10000000
10000000
10000000
10000000
10000000
10000000
10000000
10000000
10000000
10000000
10000000
10000000
10000000
10000000
10000000
10000000
10000000
10000000
10000000
10000000
10000000
10000000
10000000
10000000
10000000
10000000
10000000
10000000
10000000
10000000
10000000
10000000
10000000
10000000
10000000
10000000
10000000
10000000
10000000
10000000
10000000
10000000
10000000
10000000
10000000
10000000
10000000
10000000
10000000
10000000
10000000
10000000
10000000
10000000
10000000
10000000
10000000
10000000
10000000
10000000
10000000
10000000
10000000
2155
10000000
10000000
10000000
10000000
10000000
10000000
10000000
10000000
10000000
10000000
10000000
10000000
10000000
10000000
10000000
10000000
10000000
10000000
10000000
10000000
10000000
10000000
10000000
10000000
10000000
10000000
10000000
10000000
10000000
10000000
2176
2490
10000000
10000000
10000000
10000000
10000000
10000000
10000000
10000000
10000000
10000000
10000000
10000000
10000000
10000000
10000000
10000000
10000000
10000000
10000000
10000000
10000000
10000000
10000000
10000000
10000000
10000000
10000000
10000000
10000000
2144
2431
2703
10000000
10000000
10000000
10000000
10000000
10000000
10000000
10000000
10000000
10000000
10000000
10000000
10000000
10000000
10000000
10000000
10000000
10000000
10000000
10000000
10000000
10000000
10000000
10000000
10000000
10000000
10000000
10000000
2131
2415
2770
2970
10000000
10000000
10000000
10000000
10000000
10000000
10000000
10000000
10000000
10000000
10000000
10000000
10000000
10000000
10000000
10000000
10000000
10000000
10000000
10000000
10000000
10000000
10000000
10000000
10000000
10000000
10000000
2156
2409
2712
2881
3158
10000000
10000000
10000000
10000000
10000000
10000000
10000000
10000000
10000000
10000000
10000000
10000000
10000000
10000000
10000000
10000000
10000000
10000000
10000000
10000000
10000000
10000000
10000000
10000000
10000000
10000000
2124
2440
2733
2995
3157
3549
10000000
10000000
10000000
10000000
10000000
10000000
10000000
10000000
10000000
10000000
10000000
10000000
10000000
10000000
10000000
10000000
10000000
10000000
10000000
10000000
10000000
10000000
10000000
10000000
10000000
2130
2382
2715
2947
3206
3542
3995
10000000
10000000
10000000
10000000
10000000
10000000
10000000
10000000
10000000
10000000
10000000
10000000
10000000
10000000
10000000
10000000
10000000
10000000
10000000
10000000
10000000
10000000
10000000
10000000
2123
2414
2687
2959
3195
3586
4004
4592
10000000
10000000
10000000
10000000
10000000
10000000
10000000
10000000
10000000
10000000
10000000
10000000
10000000
10000000
10000000
10000000
10000000
10000000
10000000
10000000
10000000
10000000
10000000
2164
2478
2713
2991
3282
3647
4166
4703
4995
10000000
10000000
10000000
10000000
10000000
10000000
10000000
10000000
10000000
10000000
10000000
10000000
10000000
10000000
10000000
10000000
10000000
10000000
10000000
10000000
10000000
10000000
2168
2462
2788
2989
3264
3585
4013
4507
4875
5512
10000000
10000000
10000000
10000000
10000000
10000000
10000000
10000000
10000000
10000000
10000000
10000000
10000000
10000000
10000000
10000000
10000000
10000000
10000000
10000000
10000000
2127
2432
2813
2908
3238
3540
4003
4496
4896
5535
6088
10000000
10000000
10000000
10000000
10000000
10000000
10000000
10000000
10000000
10000000
10000000
10000000
10000000
10000000
10000000
10000000
10000000
10000000
10000000
10000000
2148
2405
2786
3010
3225
3559
4009
4549
4851
5552
6078
6420
10000000
10000000
10000000
10000000
10000000
10000000
10000000
10000000
10000000
10000000
10000000
10000000
10000000
10000000
10000000
10000000
10000000
10000000
10000000
2149
2456
2683
2977
3207
3579
3985
4504
4860
5581
6173
6517
6831
10000000
10000000
10000000
10000000
10000000
10000000
10000000
10000000
10000000
10000000
10000000
10000000
10000000
10000000
10000000
10000000
10000000
10000000
2130
2460
2779
3014
3268
3626
4064
4567
4911
5632
6154
6550
6817
7289
10000000
10000000
10000000
10000000
10000000
10000000
10000000
10000000
10000000
10000000
10000000
10000000
10000000
10000000
10000000
10000000
10000000
2158
2478
2777
3008
3270
3593
4047
4574
4875
5564
6138
6448
6784
7176
7505
10000000
10000000
10000000
10000000
10000000
10000000
10000000
10000000
10000000
10000000
10000000
10000000
10000000
10000000
10000000
10000000
2136
2437
2683
2958
3215
3520
3982
4464
4876
5482
6068
6362
6724
7213
7640
7885
10000000
10000000
10000000
10000000
10000000
10000000
10000000
10000000
10000000
10000000
10000000
10000000
10000000
10000000
10000000
2124
2478
2664
2939
3251
3558
3979
4480
4765
5460
6036
6477
6796
7262
7666
7962
8294
10000000
10000000
10000000
10000000
10000000
10000000
10000000
10000000
10000000
10000000
10000000
10000000
10000000
10000000
2184
2467
2776
3005
3228
3579
3957
4394
4871
5623
6206
6488
6820
7171
7710
8063
8357
8879
10000000
10000000
10000000
10000000
10000000
10000000
10000000
10000000
10000000
10000000
10000000
10000000
10000000
2176
2480
2702
2954
3249
3554
3986
4517
4858
5540
6095
6431
6808
7326
7715
8014
8271
8560
9321
10000000
10000000
10000000
10000000
10000000
10000000
10000000
10000000
10000000
10000000
10000000
10000000
2145
2413
2710
3056
3258
3586
4051
4533
4931
5592
6078
6494
6798
7285
7694
8013
8224
8699
9187
9821
10000000
10000000
10000000
10000000
10000000
10000000
10000000
10000000
10000000
10000000
10000000
2124
2457
2686
2960
3234
3605
4048
4559
4925
5571
6128
6497
6847
7358
7630
7869
8263
8661
9388
9713
10623
10000000
10000000
10000000
10000000
10000000
10000000
10000000
10000000
10000000
10000000
2131
2433
2707
2977
3206
3510
4023
4536
4864
5609
6142
6560
6987
7343
7721
7959
8269
8814
9285
9635
10593
11396
10000000
10000000
10000000
10000000
10000000
10000000
10000000
10000000
10000000
2140
2439
2747
2918
3212
3563
3988
4519
4861
5455
5995
6439
6725
7169
7609
8084
8228
8649
9265
9829
10630
11405
11722
10000000
10000000
10000000
10000000
10000000
10000000
10000000
10000000
2148
2462
2689
2972
3226
3579
4016
4531
4876
5587
6126
6419
6750
7181
7605
7997
8190
8658
9164
9731
10626
11323
11757
12236
10000000
10000000
10000000
10000000
10000000
10000000
10000000
2150
2457
2696
2969
3228
3569
4009
4526
4875
5546
6077
6465
6865
7189
7591
7897
8154
8572
9237
9772
10608
11354
11790
12160
12677
10000000
10000000
10000000
10000000
10000000
10000000
2140
2611
2719
2957
3212
3537
3974
4513
4904
5520
6053
6395
6781
7191
7541
7908
8207
8563
9141
9669
10457
11081
11660
12089
12472
12659