10000000
10000000
10000000
10000000
10000000
10000000
10000000
10000000
10000000
10000000
10000000
10000000
10000000
10000000
10000000
10000000
10000000
10000000
10000000
10000000
10000000
10000000
10000000
10000000
10000000
10000000
10000000
10000000
10000000
10000000
10000000
10000000
10000000
10000000
10000000
10000000
10000000
10000000
10000000
10000000
10000000
10000000
10000000
10000000
10000000
10000000
10000000
10000000
10000000
10000000
10000000
10000000
10000000
10000000
10000000
10000000
10000000
10000000
10000000
10000000
10000000
10000000
10000000
10000000
10000000
10000000
10000000
10000000
10000000
10000000
10000000
10000000
10000000
10000000
10000000
10000000
10000000
10000000
10000000
10000000
10000000
10000000
10000000
10000000
10000000
10000000
10000000
10000000
10000000
10000000
10000000
10000000
10000000
10000000
10000000
10000000
10000000
10000000
10000000
10000000
10000000
10000000
10000000
10000000
10000000
10000000
10000000
10000000
10000000
10000000
10000000
10000000
10000000
10000000
10000000
10000000
10000000
10000000
10000000
10000000
10000000
10000000
10000000
10000000
10000000
10000000
10000000
10000000
10000000
10000000
10000000
10000000
10000000
10000000
10000000
10000000
10000000
10000000
10000000
10000000
10000000
10000000
10000000
10000000
10000000
10000000
10000000
10000000
10000000
10000000
10000000
10000000
10000000
10000000
10000000
10000000
10000000
10000000
10000000
10000000
2208
10000000
10000000
10000000
10000000
10000000
10000000
10000000
10000000
10000000
10000000
10000000
10000000
10000000
10000000
10000000
10000000
10000000
10000000
10000000
10000000
10000000
10000000
10000000
10000000
10000000
10000000
10000000
10000000
10000000
10000000
2215
2566
10000000
10000000
10000000
10000000
10000000
10000000
10000000
10000000
10000000
10000000
10000000
10000000
10000000
10000000
10000000
10000000
10000000
10000000
10000000
10000000
10000000
10000000
10000000
10000000
10000000
10000000
10000000
10000000
10000000
2223
2575
2840
10000000
10000000
10000000
10000000
10000000
10000000
10000000
10000000
10000000
10000000
10000000
10000000
10000000
10000000
10000000
10000000
10000000
10000000
10000000
10000000
10000000
10000000
10000000
10000000
10000000
10000000
10000000
10000000
2226
2496
2852
3109
10000000
10000000
10000000
10000000
10000000
10000000
10000000
10000000
10000000
10000000
10000000
10000000
10000000
10000000
10000000
10000000
10000000
10000000
10000000
10000000
10000000
10000000
10000000
10000000
10000000
10000000
10000000
2288
2493
2750
2993
3341
10000000
10000000
10000000
10000000
10000000
10000000
10000000
10000000
10000000
10000000
10000000
10000000
10000000
10000000
10000000
10000000
10000000
10000000
10000000
10000000
10000000
10000000
10000000
10000000
10000000
10000000
2215
2545
2777
3060
3348
3668
10000000
10000000
10000000
10000000
10000000
10000000
10000000
10000000
10000000
10000000
10000000
10000000
10000000
10000000
10000000
10000000
10000000
10000000
10000000
10000000
10000000
10000000
10000000
10000000
10000000
2178
2516
2790
3060
3338
3679
4136
10000000
10000000
10000000
10000000
10000000
10000000
10000000
10000000
10000000
10000000
10000000
10000000
10000000
10000000
10000000
10000000
10000000
10000000
10000000
10000000
10000000
10000000
10000000
10000000
2191
2565
2725
3045
3331
3671
4103
4606
10000000
10000000
10000000
10000000
10000000
10000000
10000000
10000000
10000000
10000000
10000000
10000000
10000000
10000000
10000000
10000000
10000000
10000000
10000000
10000000
10000000
10000000
10000000
2183
2570
2771
3037
3305
3644
4104
4589
4982
10000000
10000000
10000000
10000000
10000000
10000000
10000000
10000000
10000000
10000000
10000000
10000000
10000000
10000000
10000000
10000000
10000000
10000000
10000000
10000000
10000000
10000000
2198
2526
2810
3055
3359
3671
4114
4639
4996
5671
10000000
10000000
10000000
10000000
10000000
10000000
10000000
10000000
10000000
10000000
10000000
10000000
10000000
10000000
10000000
10000000
10000000
10000000
10000000
10000000
10000000
2243
2493
2831
3039
3322
3611
4072
4562
4955
5639
6170
10000000
10000000
10000000
10000000
10000000
10000000
10000000
10000000
10000000
10000000
10000000
10000000
10000000
10000000
10000000
10000000
10000000
10000000
10000000
10000000
2178
2480
2717
2999
3295
3618
4058
4599
5030
5669
6278
6661
10000000
10000000
10000000
10000000
10000000
10000000
10000000
10000000
10000000
10000000
10000000
10000000
10000000
10000000
10000000
10000000
10000000
10000000
10000000
2168
2481
2734
3065
3328
3696
4088
4627
4971
5630
6236
6583
6997
10000000
10000000
10000000
10000000
10000000
10000000
10000000
10000000
10000000
10000000
10000000
10000000
10000000
10000000
10000000
10000000
10000000
10000000
2196
2501
2803
3036
3294
3617
4079
4651
4911
5636
6226
6602
6912
7402
10000000
10000000
10000000
10000000
10000000
10000000
10000000
10000000
10000000
10000000
10000000
10000000
10000000
10000000
10000000
10000000
10000000
2177
2558
2762
3077
3307
3643
4082
4629
4997
5665
6190
6613
7010
7397
7731
10000000
10000000
10000000
10000000
10000000
10000000
10000000
10000000
10000000
10000000
10000000
10000000
10000000
10000000
10000000
10000000
2163
2476
2772
3046
3350
3676
4098
4620
4989
5734
6154
6512
6905
7319
7731
8115
10000000
10000000
10000000
10000000
10000000
10000000
10000000
10000000
10000000
10000000
10000000
10000000
10000000
10000000
10000000
2179
2430
2836
3002
3333
3664
4119
4611
4991
5648
6170
6544
6873
7374
7877
8157
8396
10000000
10000000
10000000
10000000
10000000
10000000
10000000
10000000
10000000
10000000
10000000
10000000
10000000
10000000
2160
2536
2843
2986
3295
3609
4093
4582
4931
5635
6166
6551
6920
7281
7700
8097
8366
8913
10000000
10000000
10000000
10000000
10000000
10000000
10000000
10000000
10000000
10000000
10000000
10000000
10000000
2189
2534
2786
3058
3322
3631
4104
4627
4940
5659
6184
6606
6963
7466
7785
8136
8362
8754
9460
10000000
10000000
10000000
10000000
10000000
10000000
10000000
10000000
10000000
10000000
10000000
10000000
2233
2505
2745
3036
3342
3673
4114
4620
4990
5682
6213
6528
6928
7355
7793
8315
8331
8761
9330
9913
10000000
10000000
10000000
10000000
10000000
10000000
10000000
10000000
10000000
10000000
10000000
2167
2383
2775
3026
3309
3576
4083
4603
4888
5621
6172
6560
6933
7412
7756
8084
8361
8817
9403
9875
10839
10000000
10000000
10000000
10000000
10000000
10000000
10000000
10000000
10000000
10000000
2179
2515
2811
3030
3294
3644
4006
4583
4977
5652
6186
6608
6973
7421
7727
8080
8350
8768
9465
9980
10769
11484
10000000
10000000
10000000
10000000
10000000
10000000
10000000
10000000
10000000
2156
2473
2740
3033
3287
3660
4069
4589
4969
5616
6116
6559
6871
7350
7688
8015
8341
8811
9401
9880
10766
11428
11988
10000000
10000000
10000000
10000000
10000000
10000000
10000000
10000000
2145
2499
2748
2952
3221
3578
4006
4520
4916
5564
6165
6547
6981
7452
7803
8125
8345
8796
9338
9942
10786
11571
11952
12509
10000000
10000000
10000000
10000000
10000000
10000000
10000000
2167
2494
2803
3036
3292
3629
4072
4579
4909
5622
6041
6512
6933
7373
7769
8110
8311
8794
9389
10021
10776
11522
12025
12360
12785
10000000
10000000
10000000
10000000
10000000
10000000
2167
2454
2830
3005
3283
3595
4037
4580
4880
5669
6231
6612
7054
7422
7797
8189
8426
8901
9451
10021
10799
11512
11941
12318
12877
13025