10000000
10000000
10000000
10000000
10000000
10000000
10000000
10000000
10000000
10000000
10000000
10000000
10000000
10000000
10000000
10000000
10000000
10000000
10000000
10000000
10000000
10000000
10000000
10000000
10000000
10000000
10000000
10000000
10000000
10000000
10000000
10000000
10000000
10000000
10000000
10000000
10000000
10000000
10000000
10000000
10000000
10000000
10000000
10000000
10000000
10000000
10000000
10000000
10000000
10000000
10000000
10000000
10000000
10000000
10000000
10000000
10000000
10000000
10000000
10000000
10000000
10000000
10000000
10000000
10000000
10000000
10000000
10000000
10000000
10000000
10000000
10000000
10000000
10000000
10000000
10000000
10000000
10000000
10000000
10000000
10000000
10000000
10000000
10000000
10000000
10000000
10000000
10000000
10000000
10000000
10000000
10000000
10000000
10000000
10000000
10000000
10000000
10000000
10000000
10000000
10000000
10000000
10000000
10000000
10000000
10000000
10000000
10000000
10000000
10000000
10000000
10000000
10000000
10000000
10000000
10000000
10000000
10000000
10000000
10000000
10000000
10000000
10000000
10000000
10000000
10000000
10000000
10000000
10000000
10000000
10000000
10000000
10000000
10000000
10000000
10000000
10000000
10000000
10000000
10000000
10000000
10000000
10000000
10000000
10000000
10000000
10000000
10000000
10000000
10000000
10000000
10000000
10000000
10000000
10000000
10000000
10000000
10000000
10000000
10000000
2645
10000000
10000000
10000000
10000000
10000000
10000000
10000000
10000000
10000000
10000000
10000000
10000000
10000000
10000000
10000000
10000000
10000000
10000000
10000000
10000000
10000000
10000000
10000000
10000000
10000000
10000000
10000000
10000000
10000000
10000000
2621
2856
10000000
10000000
10000000
10000000
10000000
10000000
10000000
10000000
10000000
10000000
10000000
10000000
10000000
10000000
10000000
10000000
10000000
10000000
10000000
10000000
10000000
10000000
10000000
10000000
10000000
10000000
10000000
10000000
10000000
2629
2915
3368
10000000
10000000
10000000
10000000
10000000
10000000
10000000
10000000
10000000
10000000
10000000
10000000
10000000
10000000
10000000
10000000
10000000
10000000
10000000
10000000
10000000
10000000
10000000
10000000
10000000
10000000
10000000
10000000
2642
2931
3357
3651
10000000
10000000
10000000
10000000
10000000
10000000
10000000
10000000
10000000
10000000
10000000
10000000
10000000
10000000
10000000
10000000
10000000
10000000
10000000
10000000
10000000
10000000
10000000
10000000
10000000
10000000
10000000
2641
2841
3439
3730
4113
10000000
10000000
10000000
10000000
10000000
10000000
10000000
10000000
10000000
10000000
10000000
10000000
10000000
10000000
10000000
10000000
10000000
10000000
10000000
10000000
10000000
10000000
10000000
10000000
10000000
10000000
2671
2962
3261
3792
4180
4418
10000000
10000000
10000000
10000000
10000000
10000000
10000000
10000000
10000000
10000000
10000000
10000000
10000000
10000000
10000000
10000000
10000000
10000000
10000000
10000000
10000000
10000000
10000000
10000000
10000000
2590
2679
3131
3544
3868
4188
4721
10000000
10000000
10000000
10000000
10000000
10000000
10000000
10000000
10000000
10000000
10000000
10000000
10000000
10000000
10000000
10000000
10000000
10000000
10000000
10000000
10000000
10000000
10000000
10000000
2591
2788
3275
3681
4021
4333
4884
5655
10000000
10000000
10000000
10000000
10000000
10000000
10000000
10000000
10000000
10000000
10000000
10000000
10000000
10000000
10000000
10000000
10000000
10000000
10000000
10000000
10000000
10000000
10000000
2561
2594
3001
3381
3808
4081
4572
4877
5263
10000000
10000000
10000000
10000000
10000000
10000000
10000000
10000000
10000000
10000000
10000000
10000000
10000000
10000000
10000000
10000000
10000000
10000000
10000000
10000000
10000000
10000000
2362
2628
2907
3254
3628
3858
4323
4922
5395
5812
10000000
10000000
10000000
10000000
10000000
10000000
10000000
10000000
10000000
10000000
10000000
10000000
10000000
10000000
10000000
10000000
10000000
10000000
10000000
10000000
10000000
2367
2573
2927
3232
3591
3830
4293
4928
5428
5784
6508
10000000
10000000
10000000
10000000
10000000
10000000
10000000
10000000
10000000
10000000
10000000
10000000
10000000
10000000
10000000
10000000
10000000
10000000
10000000
10000000
2346
2540
2921
3201
3512
3812
4273
4844
5342
5723
6469
7042
10000000
10000000
10000000
10000000
10000000
10000000
10000000
10000000
10000000
10000000
10000000
10000000
10000000
10000000
10000000
10000000
10000000
10000000
10000000
2327
2511
2869
3286
3546
3768
4235
4832
5327
5672
6304
7131
7495
10000000
10000000
10000000
10000000
10000000
10000000
10000000
10000000
10000000
10000000
10000000
10000000
10000000
10000000
10000000
10000000
10000000
10000000
2337
2533
2876
3293
3510
3806
4257
4837
5319
5725
6443
7101
7555
7919
10000000
10000000
10000000
10000000
10000000
10000000
10000000
10000000
10000000
10000000
10000000
10000000
10000000
10000000
10000000
10000000
10000000
2347
2558
2903
3261
3539
3810
4263
4837
5362
5767
6459
7105
7496
7924
8370
10000000
10000000
10000000
10000000
10000000
10000000
10000000
10000000
10000000
10000000
10000000
10000000
10000000
10000000
10000000
10000000
2300
2530
2905
3272
3580
3817
4250
4862
5350
6061
7159
7808
8299
8897
9613
10114
10000000
10000000
10000000
10000000
10000000
10000000
10000000
10000000
10000000
10000000
10000000
10000000
10000000
10000000
10000000
2730
2969
3250
3514
3763
4095
4567
5224
5760
6200
6998
7635
8169
8766
9556
9465
9993
10000000
10000000
10000000
10000000
10000000
10000000
10000000
10000000
10000000
10000000
10000000
10000000
10000000
10000000
2625
2755
3148
3555
3803
4156
4661
5252
5768
6193
6934
7712
8186
8660
9469
10008
9835
10041
10000000
10000000
10000000
10000000
10000000
10000000
10000000
10000000
10000000
10000000
10000000
10000000
10000000
2462
2684
3087
3557
3876
3919
4390
4978
5548
5865
6568
7230
7596
7954
8487
8995
9310
9734
10425
10000000
10000000
10000000
10000000
10000000
10000000
10000000
10000000
10000000
10000000
10000000
10000000
2364
2602
2912
3273
3538
3871
4261
4896
5398
5782
6607
7093
7548
7910
8442
8776
9441
9836
10314
10925
10000000
10000000
10000000
10000000
10000000
10000000
10000000
10000000
10000000
10000000
10000000
2359
2646
2941
3214
3572
3825
4331
4929
5443
5805
6524
7114
7558
7868
8349
8796
9250
9653
10263
10796
11352
10000000
10000000
10000000
10000000
10000000
10000000
10000000
10000000
10000000
10000000
2322
2571
2888
3296
3621
3877
4350
4931
5405
5822
6613
7203
7640
8086
8505
8961
9304
9781
10315
10970
11489
12340
10000000
10000000
10000000
10000000
10000000
10000000
10000000
10000000
10000000
2331
2560
2864
3305
3578
3826
4288
4934
5397
5831
6532
7088
7538
7840
8306
8779
9094
9625
10271
10827
11321
12297
12927
10000000
10000000
10000000
10000000
10000000
10000000
10000000
10000000
2341
2501
2888
3248
3537
3802
4225
4835
5306
5680
6395
7051
7826
7823
8303
8943
9346
9757
10402
10938
11479
12437
13199
13715
10000000
10000000
10000000
10000000
10000000
10000000
10000000
2352
2537
2949
3236
3586
3856
4260
4889
5379
5736
6546
7192
7490
7877
8343
8861
9239
9831
10286
10856
11377
12297
13118
13638
14080
10000000
10000000
10000000
10000000
10000000
10000000
2355
2527
2867
3201
3570
3829
4323
4919
5385
5760
6509
7095
7515
7906
8382
8942
9208
9558
10370
10859
11472
12385
13130
13715
14070
14580