10000000
10000000
10000000
10000000
10000000
10000000
10000000
10000000
10000000
10000000
10000000
10000000
10000000
10000000
10000000
10000000
10000000
10000000
10000000
10000000
10000000
10000000
10000000
10000000
10000000
10000000
10000000
10000000
10000000
10000000
10000000
10000000
10000000
10000000
10000000
10000000
10000000
10000000
10000000
10000000
10000000
10000000
10000000
10000000
10000000
10000000
10000000
10000000
10000000
10000000
10000000
10000000
10000000
10000000
10000000
10000000
10000000
10000000
10000000
10000000
10000000
10000000
10000000
10000000
429
10000000
10000000
10000000
10000000
10000000
10000000
10000000
10000000
10000000
10000000
10000000
10000000
10000000
10000000
10000000
10000000
10000000
10000000
10000000
10000000
10000000
10000000
10000000
10000000
10000000
10000000
10000000
10000000
10000000
10000000
477
486
10000000
10000000
10000000
10000000
10000000
10000000
10000000
10000000
10000000
10000000
10000000
10000000
10000000
10000000
10000000
10000000
10000000
10000000
10000000
10000000
10000000
10000000
10000000
10000000
10000000
10000000
10000000
10000000
10000000
440
478
535
10000000
10000000
10000000
10000000
10000000
10000000
10000000
10000000
10000000
10000000
10000000
10000000
10000000
10000000
10000000
10000000
10000000
10000000
10000000
10000000
10000000
10000000
10000000
10000000
10000000
10000000
10000000
10000000
466
468
560
593
10000000
10000000
10000000
10000000
10000000
10000000
10000000
10000000
10000000
10000000
10000000
10000000
10000000
10000000
10000000
10000000
10000000
10000000
10000000
10000000
10000000
10000000
10000000
10000000
10000000
10000000
10000000
435
474
575
626
650
10000000
10000000
10000000
10000000
10000000
10000000
10000000
10000000
10000000
10000000
10000000
10000000
10000000
10000000
10000000
10000000
10000000
10000000
10000000
10000000
10000000
10000000
10000000
10000000
10000000
10000000
472
536
577
632
666
696
10000000
10000000
10000000
10000000
10000000
10000000
10000000
10000000
10000000
10000000
10000000
10000000
10000000
10000000
10000000
10000000
10000000
10000000
10000000
10000000
10000000
10000000
10000000
10000000
10000000
451
513
604
651
665
686
786
10000000
10000000
10000000
10000000
10000000
10000000
10000000
10000000
10000000
10000000
10000000
10000000
10000000
10000000
10000000
10000000
10000000
10000000
10000000
10000000
10000000
10000000
10000000
10000000
450
536
576
644
649
696
786
902
10000000
10000000
10000000
10000000
10000000
10000000
10000000
10000000
10000000
10000000
10000000
10000000
10000000
10000000
10000000
10000000
10000000
10000000
10000000
10000000
10000000
10000000
10000000
443
466
552
625
664
711
796
881
931
10000000
10000000
10000000
10000000
10000000
10000000
10000000
10000000
10000000
10000000
10000000
10000000
10000000
10000000
10000000
10000000
10000000
10000000
10000000
10000000
10000000
10000000
450
481
555
636
648
685
788
915
952
1086
10000000
10000000
10000000
10000000
10000000
10000000
10000000
10000000
10000000
10000000
10000000
10000000
10000000
10000000
10000000
10000000
10000000
10000000
10000000
10000000
10000000
453
544
612
625
649
719
791
897
969
1045
1194
10000000
10000000
10000000
10000000
10000000
10000000
10000000
10000000
10000000
10000000
10000000
10000000
10000000
10000000
10000000
10000000
10000000
10000000
10000000
10000000
477
506
525
605
654
715
805
900
939
1053
1208
1262
10000000
10000000
10000000
10000000
10000000
10000000
10000000
10000000
10000000
10000000
10000000
10000000
10000000
10000000
10000000
10000000
10000000
10000000
10000000
492
528
538
607
667
709
797
898
942
1066
1225
1270
1329
10000000
10000000
10000000
10000000
10000000
10000000
10000000
10000000
10000000
10000000
10000000
10000000
10000000
10000000
10000000
10000000
10000000
10000000
454
493
527
606
666
722
796
890
936
1067
1200
1269
1339
1404
10000000
10000000
10000000
10000000
10000000
10000000
10000000
10000000
10000000
10000000
10000000
10000000
10000000
10000000
10000000
10000000
10000000
455
504
581
606
658
709
788
892
960
1095
1214
1261
1337
1404
1477
10000000
10000000
10000000
10000000
10000000
10000000
10000000
10000000
10000000
10000000
10000000
10000000
10000000
10000000
10000000
10000000
504
525
607
606
650
701
795
886
953
1035
1204
1285
1322
1376
1487
1637
10000000
10000000
10000000
10000000
10000000
10000000
10000000
10000000
10000000
10000000
10000000
10000000
10000000
10000000
10000000
495
537
600
629
658
710
791
901
973
1091
1243
1290
1315
1368
1473
1622
1687
10000000
10000000
10000000
10000000
10000000
10000000
10000000
10000000
10000000
10000000
10000000
10000000
10000000
10000000
456
510
527
606
654
703
775
884
947
1062
1194
1259
1303
1389
1531
1620
1652
1696
10000000
10000000
10000000
10000000
10000000
10000000
10000000
10000000
10000000
10000000
10000000
10000000
10000000
453
533
540
626
652
705
779
905
981
1111
1251
1289
1316
1381
1501
1622
1647
1714
1803
10000000
10000000
10000000
10000000
10000000
10000000
10000000
10000000
10000000
10000000
10000000
10000000
438
502
585
626
648
697
774
884
939
1066
1216
1262
1305
1373
1466
1597
1687
1692
1770
1844
10000000
10000000
10000000
10000000
10000000
10000000
10000000
10000000
10000000
10000000
10000000
457
465
559
625
649
691
779
878
935
1069
1196
1255
1313
1366
1504
1601
1656
1704
1782
1864
2029
10000000
10000000
10000000
10000000
10000000
10000000
10000000
10000000
10000000
10000000
450
498
528
601
661
700
780
891
959
1043
1184
1271
1349
1383
1490
1588
1648
1700
1783
1887
2064
2319
10000000
10000000
10000000
10000000
10000000
10000000
10000000
10000000
10000000
443
506
571
622
661
710
808
894
932
1052
1206
1283
1318
1408
1533
1614
1692
1745
1799
1885
2078
2266
2384
10000000
10000000
10000000
10000000
10000000
10000000
10000000
10000000
441
470
562
642
660
703
779
872
947
1059
1194
1241
1318
1414
1486
1588
1685
1729
1781
1879
2065
2272
2379
2547
10000000
10000000
10000000
10000000
10000000
10000000
10000000
445
488
551
628
650
692
775
881
938
1050
1213
1267
1360
1392
1479
1609
1681
1705
1790
1892
2053
2262
2365
2474
2613
10000000
10000000
10000000
10000000
10000000
10000000
461
493
525
605
657
698
796
882
933
1034
1182
1269
1341
1417
1489
1602
1660
1724
1780
1852
2035
2258
2393
2566
2577
2660
10000000
10000000
10000000
10000000
10000000
445
505
572
614
647
695
782
876
936
1053
1197
1266
1330
1414
1488
1597
1691
1716
1780
1872
2067
2250
2379
2488
2601
2702
2766
10000000
10000000
10000000
10000000
461
468
630
628
659
703
780
871
932
1042
1206
1300
1310
1402
1508
1630
1660
1718
1818
1866
2072
2244
2363
2551
2579
2696
2727
2842
10000000
10000000
10000000
443
504
529
609
655
698
792
888
940
1054
1180
1293
1336
1388
1481
1588
1687
1739
1787
1838
2062
2275
2387
2523
2636
2716
2778
2844
2880