10000000
10000000
10000000
10000000
10000000
10000000
10000000
10000000
10000000
10000000
10000000
10000000
10000000
10000000
10000000
10000000
10000000
10000000
10000000
10000000
10000000
10000000
10000000
10000000
10000000
10000000
10000000
10000000
10000000
10000000
10000000
10000000
10000000
10000000
10000000
10000000
10000000
10000000
10000000
10000000
10000000
10000000
10000000
10000000
10000000
10000000
10000000
10000000
10000000
10000000
10000000
10000000
10000000
10000000
10000000
10000000
10000000
10000000
10000000
10000000
10000000
10000000
10000000
10000000
10000000
10000000
10000000
10000000
10000000
10000000
10000000
10000000
10000000
10000000
10000000
10000000
10000000
10000000
10000000
10000000
10000000
10000000
10000000
10000000
10000000
10000000
10000000
10000000
10000000
10000000
10000000
10000000
10000000
10000000
10000000
10000000
10000000
10000000
10000000
10000000
10000000
10000000
10000000
10000000
10000000
10000000
10000000
10000000
10000000
10000000
10000000
10000000
10000000
10000000
10000000
10000000
10000000
10000000
10000000
10000000
10000000
10000000
10000000
10000000
10000000
10000000
10000000
10000000
10000000
10000000
10000000
10000000
10000000
10000000
10000000
10000000
10000000
10000000
10000000
10000000
10000000
10000000
10000000
10000000
10000000
10000000
10000000
10000000
10000000
10000000
10000000
10000000
10000000
10000000
10000000
10000000
10000000
10000000
10000000
10000000
2281
10000000
10000000
10000000
10000000
10000000
10000000
10000000
10000000
10000000
10000000
10000000
10000000
10000000
10000000
10000000
10000000
10000000
10000000
10000000
10000000
10000000
10000000
10000000
10000000
10000000
10000000
10000000
10000000
10000000
10000000
2284
2520
10000000
10000000
10000000
10000000
10000000
10000000
10000000
10000000
10000000
10000000
10000000
10000000
10000000
10000000
10000000
10000000
10000000
10000000
10000000
10000000
10000000
10000000
10000000
10000000
10000000
10000000
10000000
10000000
10000000
2283
2570
2851
10000000
10000000
10000000
10000000
10000000
10000000
10000000
10000000
10000000
10000000
10000000
10000000
10000000
10000000
10000000
10000000
10000000
10000000
10000000
10000000
10000000
10000000
10000000
10000000
10000000
10000000
10000000
10000000
2289
2522
2847
3250
10000000
10000000
10000000
10000000
10000000
10000000
10000000
10000000
10000000
10000000
10000000
10000000
10000000
10000000
10000000
10000000
10000000
10000000
10000000
10000000
10000000
10000000
10000000
10000000
10000000
10000000
10000000
2318
2511
2864
3320
3517
10000000
10000000
10000000
10000000
10000000
10000000
10000000
10000000
10000000
10000000
10000000
10000000
10000000
10000000
10000000
10000000
10000000
10000000
10000000
10000000
10000000
10000000
10000000
10000000
10000000
10000000
2320
2518
2887
3265
3493
3725
10000000
10000000
10000000
10000000
10000000
10000000
10000000
10000000
10000000
10000000
10000000
10000000
10000000
10000000
10000000
10000000
10000000
10000000
10000000
10000000
10000000
10000000
10000000
10000000
10000000
2363
2544
2928
3304
3584
3882
4354
10000000
10000000
10000000
10000000
10000000
10000000
10000000
10000000
10000000
10000000
10000000
10000000
10000000
10000000
10000000
10000000
10000000
10000000
10000000
10000000
10000000
10000000
10000000
10000000
2360
2576
2911
3337
3578
3842
4297
4968
10000000
10000000
10000000
10000000
10000000
10000000
10000000
10000000
10000000
10000000
10000000
10000000
10000000
10000000
10000000
10000000
10000000
10000000
10000000
10000000
10000000
10000000
10000000
2360
2564
2911
3263
3573
3887
4343
4931
5408
10000000
10000000
10000000
10000000
10000000
10000000
10000000
10000000
10000000
10000000
10000000
10000000
10000000
10000000
10000000
10000000
10000000
10000000
10000000
10000000
10000000
10000000
2363
2661
2929
3225
3605
3837
4302
4902
5340
5770
10000000
10000000
10000000
10000000
10000000
10000000
10000000
10000000
10000000
10000000
10000000
10000000
10000000
10000000
10000000
10000000
10000000
10000000
10000000
10000000
10000000
2352
2552
2956
3342
3595
3861
4309
4895
5363
5785
6530
10000000
10000000
10000000
10000000
10000000
10000000
10000000
10000000
10000000
10000000
10000000
10000000
10000000
10000000
10000000
10000000
10000000
10000000
10000000
10000000
2372
2553
3090
3295
3598
3922
4359
4909
5425
5765
6512
7123
10000000
10000000
10000000
10000000
10000000
10000000
10000000
10000000
10000000
10000000
10000000
10000000
10000000
10000000
10000000
10000000
10000000
10000000
10000000
2357
2591
2867
3278
3560
3856
4332
4914
5355
5782
6529
7128
7579
10000000
10000000
10000000
10000000
10000000
10000000
10000000
10000000
10000000
10000000
10000000
10000000
10000000
10000000
10000000
10000000
10000000
10000000
2352
2555
2876
3275
3590
3875
4304
4877
5319
5671
6508
7162
7580
7947
10000000
10000000
10000000
10000000
10000000
10000000
10000000
10000000
10000000
10000000
10000000
10000000
10000000
10000000
10000000
10000000
10000000
2365
2582
2968
3326
3571
3855
4317
4935
5388
5816
6504
7136
7560
8019
8304
10000000
10000000
10000000
10000000
10000000
10000000
10000000
10000000
10000000
10000000
10000000
10000000
10000000
10000000
10000000
10000000
2371
2557
2926
3276
3579
3834
4321
4911
5368
5755
6531
7107
7568
7947
8392
8908
10000000
10000000
10000000
10000000
10000000
10000000
10000000
10000000
10000000
10000000
10000000
10000000
10000000
10000000
10000000
2344
2550
2917
3311
3631
3904
4326
4934
5373
5741
6496
7137
7532
7896
8516
8845
9235
10000000
10000000
10000000
10000000
10000000
10000000
10000000
10000000
10000000
10000000
10000000
10000000
10000000
10000000
2270
2548
2869
3195
3609
3869
4323
4940
5432
5842
6563
7188
7616
8039
8484
8881
9352
9736
10000000
10000000
10000000
10000000
10000000
10000000
10000000
10000000
10000000
10000000
10000000
10000000
10000000
2278
2491
2882
3235
3578
3815
4300
4875
5381
5729
6534
7111
7573
7982
8403
8870
9265
9666
10312
10000000
10000000
10000000
10000000
10000000
10000000
10000000
10000000
10000000
10000000
10000000
10000000
2355
2560
2915
3288
3511
3828
4192
4882
5411
5821
6491
7150
7619
7923
8443
8865
9373
9659
10403
10991
10000000
10000000
10000000
10000000
10000000
10000000
10000000
10000000
10000000
10000000
10000000
2394
2632
2943
3311
3622
3894
4400
5028
5496
5877
6606
7232
7651
8083
8542
9081
9330
9889
10482
10974
11743
10000000
10000000
10000000
10000000
10000000
10000000
10000000
10000000
10000000
10000000
2401
2601
2905
3258
3612
3873
4353
4948
5411
5856
6605
7183
7736
8069
8534
8959
9263
9828
10459
10978
11485
12520
10000000
10000000
10000000
10000000
10000000
10000000
10000000
10000000
10000000
2388
2687
2980
3307
3646
3929
4428
5060
5559
5936
6644
7227
7713
8048
8538
9126
9463
9902
10530
11142
11732
12580
13667
10000000
10000000
10000000
10000000
10000000
10000000
10000000
10000000
2735
2843
3088
3310
3639
3900
4375
5039
5539
5906
6648
7234
7997
8717
9083
10004
10301
11037
11882
12198
12791
13121
13987
14723
10000000
10000000
10000000
10000000
10000000
10000000
10000000
2567
2947
3275
3906
4156
4091
4503
5115
5680
5945
6471
7128
7718
8153
8686
9113
9431
9750
10412
10864
11545
12446
13154
13813
14181
10000000
10000000
10000000
10000000
10000000
10000000
2356
2559
2901
3324
3801
4144
4793
5369
5976
6202
7190
7758
8238
8769
9356
9861
10295
10796
11283
12013
12448
13468
14205
14905
15642
15706