10000000
10000000
10000000
10000000
10000000
10000000
10000000
10000000
10000000
10000000
10000000
10000000
10000000
10000000
10000000
10000000
10000000
10000000
10000000
10000000
10000000
10000000
10000000
10000000
10000000
10000000
10000000
10000000
10000000
10000000
10000000
10000000
10000000
10000000
10000000
10000000
10000000
10000000
10000000
10000000
10000000
10000000
10000000
10000000
10000000
10000000
10000000
10000000
10000000
10000000
10000000
10000000
10000000
10000000
10000000
10000000
10000000
10000000
10000000
10000000
10000000
10000000
10000000
10000000
10000000
10000000
10000000
10000000
10000000
10000000
10000000
10000000
10000000
10000000
10000000
10000000
10000000
10000000
10000000
10000000
10000000
10000000
10000000
10000000
10000000
10000000
10000000
10000000
10000000
10000000
10000000
10000000
10000000
10000000
10000000
10000000
10000000
10000000
10000000
10000000
10000000
10000000
10000000
10000000
10000000
10000000
10000000
10000000
10000000
10000000
10000000
10000000
10000000
10000000
10000000
10000000
10000000
10000000
10000000
10000000
10000000
10000000
10000000
10000000
10000000
10000000
10000000
10000000
10000000
10000000
10000000
10000000
10000000
10000000
10000000
10000000
10000000
10000000
10000000
10000000
10000000
10000000
10000000
10000000
10000000
10000000
10000000
10000000
10000000
10000000
10000000
10000000
10000000
10000000
10000000
10000000
10000000
10000000
10000000
10000000
10000000
10000000
10000000
10000000
10000000
10000000
10000000
10000000
10000000
10000000
10000000
10000000
10000000
10000000
10000000
10000000
10000000
10000000
10000000
10000000
10000000
10000000
10000000
10000000
10000000
10000000
10000000
10000000
10000000
10000000
10000000
10000000
2561
10000000
10000000
10000000
10000000
10000000
10000000
10000000
10000000
10000000
10000000
10000000
10000000
10000000
10000000
10000000
10000000
10000000
10000000
10000000
10000000
10000000
10000000
10000000
10000000
10000000
10000000
10000000
10000000
10000000
10000000
2672
3042
10000000
10000000
10000000
10000000
10000000
10000000
10000000
10000000
10000000
10000000
10000000
10000000
10000000
10000000
10000000
10000000
10000000
10000000
10000000
10000000
10000000
10000000
10000000
10000000
10000000
10000000
10000000
10000000
10000000
2585
2896
3226
10000000
10000000
10000000
10000000
10000000
10000000
10000000
10000000
10000000
10000000
10000000
10000000
10000000
10000000
10000000
10000000
10000000
10000000
10000000
10000000
10000000
10000000
10000000
10000000
10000000
10000000
10000000
10000000
2580
2885
3346
3628
10000000
10000000
10000000
10000000
10000000
10000000
10000000
10000000
10000000
10000000
10000000
10000000
10000000
10000000
10000000
10000000
10000000
10000000
10000000
10000000
10000000
10000000
10000000
10000000
10000000
10000000
10000000
2581
2953
3364
3608
3903
10000000
10000000
10000000
10000000
10000000
10000000
10000000
10000000
10000000
10000000
10000000
10000000
10000000
10000000
10000000
10000000
10000000
10000000
10000000
10000000
10000000
10000000
10000000
10000000
10000000
10000000
2586
2958
3342
3683
3888
4413
10000000
10000000
10000000
10000000
10000000
10000000
10000000
10000000
10000000
10000000
10000000
10000000
10000000
10000000
10000000
10000000
10000000
10000000
10000000
10000000
10000000
10000000
10000000
10000000
10000000
2592
2944
3303
3631
3886
4291
4935
10000000
10000000
10000000
10000000
10000000
10000000
10000000
10000000
10000000
10000000
10000000
10000000
10000000
10000000
10000000
10000000
10000000
10000000
10000000
10000000
10000000
10000000
10000000
10000000
2582
2897
3273
3599
3866
4329
4938
5408
10000000
10000000
10000000
10000000
10000000
10000000
10000000
10000000
10000000
10000000
10000000
10000000
10000000
10000000
10000000
10000000
10000000
10000000
10000000
10000000
10000000
10000000
10000000
2587
2935
3282
3574
3890
4384
4956
5393
5777
10000000
10000000
10000000
10000000
10000000
10000000
10000000
10000000
10000000
10000000
10000000
10000000
10000000
10000000
10000000
10000000
10000000
10000000
10000000
10000000
10000000
10000000
2592
2893
3272
3566
3825
4357
4923
5459
5810
6553
10000000
10000000
10000000
10000000
10000000
10000000
10000000
10000000
10000000
10000000
10000000
10000000
10000000
10000000
10000000
10000000
10000000
10000000
10000000
10000000
10000000
2580
2923
3243
3598
3865
4364
4978
5417
5788
6520
7156
10000000
10000000
10000000
10000000
10000000
10000000
10000000
10000000
10000000
10000000
10000000
10000000
10000000
10000000
10000000
10000000
10000000
10000000
10000000
10000000
2660
2908
3231
3602
3861
4270
4898
5403
5819
6559
7177
7506
10000000
10000000
10000000
10000000
10000000
10000000
10000000
10000000
10000000
10000000
10000000
10000000
10000000
10000000
10000000
10000000
10000000
10000000
10000000
2566
2941
3271
3668
3882
4376
4959
5439
5835
6509
7268
7692
8041
10000000
10000000
10000000
10000000
10000000
10000000
10000000
10000000
10000000
10000000
10000000
10000000
10000000
10000000
10000000
10000000
10000000
10000000
2598
2937
3314
3626
3862
4313
4991
5559
5932
6753
7219
7592
7924
8483
10000000
10000000
10000000
10000000
10000000
10000000
10000000
10000000
10000000
10000000
10000000
10000000
10000000
10000000
10000000
10000000
10000000
2613
3012
3308
3628
3880
4385
4945
5406
5806
6529
7184
7580
7919
8573
9028
10000000
10000000
10000000
10000000
10000000
10000000
10000000
10000000
10000000
10000000
10000000
10000000
10000000
10000000
10000000
10000000
2576
2928
3308
3609
3878
4348
4960
5402
5814
6594
7166
7574
7947
8522
8885
9433
10000000
10000000
10000000
10000000
10000000
10000000
10000000
10000000
10000000
10000000
10000000
10000000
10000000
10000000
10000000
2570
2906
3315
3646
3875
4343
4917
5423
5840
6511
7150
7638
8008
8468
8894
9251
9776
10000000
10000000
10000000
10000000
10000000
10000000
10000000
10000000
10000000
10000000
10000000
10000000
10000000
10000000
2547
2942
3335
3671
3871
4315
4908
5362
5753
6465
7078
7560
8036
8426
8881
9313
9702
10433
10000000
10000000
10000000
10000000
10000000
10000000
10000000
10000000
10000000
10000000
10000000
10000000
10000000
2592
2950
3274
3619
3857
4319
4926
5401
5799
6476
7177
7612
8048
8471
8946
9261
9726
10436
11008
10000000
10000000
10000000
10000000
10000000
10000000
10000000
10000000
10000000
10000000
10000000
10000000
2646
2972
3361
3591
3831
4260
4931
5265
5663
6547
7184
7672
7987
8441
8973
9307
9798
10529
10932
11460
10000000
10000000
10000000
10000000
10000000
10000000
10000000
10000000
10000000
10000000
10000000
2580
2917
3300
3595
3861
4340
4977
5523
5937
6667
7233
7610
8031
8568
8991
9474
9879
10489
11043
11600
12656
10000000
10000000
10000000
10000000
10000000
10000000
10000000
10000000
10000000
10000000
2609
2946
3345
3578
3819
4267
4779
5470
5844
6563
7205
7610
8078
8355
8973
9281
9835
10436
11136
11523
12464
13216
10000000
10000000
10000000
10000000
10000000
10000000
10000000
10000000
10000000
2576
2921
3280
3615
3877
4352
5011
5454
5826
6510
7175
7574
7942
8523
9065
9354
9795
10419
10883
11496
12502
13160
13679
10000000
10000000
10000000
10000000
10000000
10000000
10000000
10000000
2574
2935
3267
3612
3871
4370
4962
5421
5775
6451
7109
7525
8000
8538
8948
9420
9759
10316
10875
11409
12518
13269
13767
14208
10000000
10000000
10000000
10000000
10000000
10000000
10000000
2546
2928
3252
3617
3886
4305
4925
5395
5740
6514
6979
7406
7785
8316
8835
9066
9604
10162
10731
11375
12173
12908
13352
13908
14291