10000000
10000000
10000000
10000000
10000000
10000000
10000000
10000000
10000000
10000000
10000000
10000000
10000000
10000000
10000000
10000000
10000000
10000000
10000000
10000000
10000000
10000000
10000000
10000000
10000000
10000000
10000000
10000000
10000000
10000000
10000000
10000000
10000000
10000000
10000000
10000000
10000000
10000000
10000000
10000000
10000000
10000000
10000000
10000000
10000000
10000000
10000000
10000000
10000000
10000000
10000000
10000000
10000000
10000000
10000000
10000000
10000000
10000000
10000000
10000000
10000000
10000000
10000000
10000000
10000000
10000000
10000000
10000000
10000000
10000000
10000000
10000000
10000000
10000000
10000000
10000000
10000000
10000000
10000000
10000000
10000000
10000000
10000000
10000000
10000000
10000000
10000000
10000000
10000000
10000000
10000000
10000000
10000000
10000000
10000000
10000000
10000000
10000000
10000000
10000000
10000000
10000000
10000000
10000000
10000000
10000000
10000000
10000000
10000000
10000000
10000000
10000000
10000000
10000000
10000000
10000000
10000000
10000000
10000000
10000000
10000000
10000000
10000000
10000000
10000000
10000000
10000000
10000000
10000000
10000000
10000000
10000000
10000000
10000000
10000000
10000000
10000000
10000000
10000000
10000000
10000000
10000000
10000000
10000000
10000000
10000000
10000000
10000000
10000000
10000000
10000000
10000000
10000000
10000000
10000000
10000000
10000000
10000000
10000000
10000000
10000000
10000000
10000000
10000000
10000000
10000000
10000000
10000000
10000000
10000000
10000000
10000000
10000000
10000000
10000000
10000000
10000000
10000000
10000000
10000000
10000000
10000000
10000000
10000000
10000000
10000000
10000000
10000000
10000000
10000000
10000000
10000000
2782
10000000
10000000
10000000
10000000
10000000
10000000
10000000
10000000
10000000
10000000
10000000
10000000
10000000
10000000
10000000
10000000
10000000
10000000
10000000
10000000
10000000
10000000
10000000
10000000
10000000
10000000
10000000
10000000
10000000
10000000
2831
3198
10000000
10000000
10000000
10000000
10000000
10000000
10000000
10000000
10000000
10000000
10000000
10000000
10000000
10000000
10000000
10000000
10000000
10000000
10000000
10000000
10000000
10000000
10000000
10000000
10000000
10000000
10000000
10000000
10000000
2783
3173
3561
10000000
10000000
10000000
10000000
10000000
10000000
10000000
10000000
10000000
10000000
10000000
10000000
10000000
10000000
10000000
10000000
10000000
10000000
10000000
10000000
10000000
10000000
10000000
10000000
10000000
10000000
10000000
10000000
2767
3181
3574
3838
10000000
10000000
10000000
10000000
10000000
10000000
10000000
10000000
10000000
10000000
10000000
10000000
10000000
10000000
10000000
10000000
10000000
10000000
10000000
10000000
10000000
10000000
10000000
10000000
10000000
10000000
10000000
2795
3166
3570
3886
4238
10000000
10000000
10000000
10000000
10000000
10000000
10000000
10000000
10000000
10000000
10000000
10000000
10000000
10000000
10000000
10000000
10000000
10000000
10000000
10000000
10000000
10000000
10000000
10000000
10000000
10000000
2808
3194
3623
3951
4199
4710
10000000
10000000
10000000
10000000
10000000
10000000
10000000
10000000
10000000
10000000
10000000
10000000
10000000
10000000
10000000
10000000
10000000
10000000
10000000
10000000
10000000
10000000
10000000
10000000
10000000
2803
3227
3539
3889
4214
4769
5344
10000000
10000000
10000000
10000000
10000000
10000000
10000000
10000000
10000000
10000000
10000000
10000000
10000000
10000000
10000000
10000000
10000000
10000000
10000000
10000000
10000000
10000000
10000000
10000000
2784
3228
3607
3888
4190
4700
5369
5931
10000000
10000000
10000000
10000000
10000000
10000000
10000000
10000000
10000000
10000000
10000000
10000000
10000000
10000000
10000000
10000000
10000000
10000000
10000000
10000000
10000000
10000000
10000000
2781
3198
3558
3852
4182
4734
5361
6002
6450
10000000
10000000
10000000
10000000
10000000
10000000
10000000
10000000
10000000
10000000
10000000
10000000
10000000
10000000
10000000
10000000
10000000
10000000
10000000
10000000
10000000
10000000
2795
3207
3591
3887
4223
4734
5361
5967
6431
7222
10000000
10000000
10000000
10000000
10000000
10000000
10000000
10000000
10000000
10000000
10000000
10000000
10000000
10000000
10000000
10000000
10000000
10000000
10000000
10000000
10000000
2806
3232
3580
3891
4207
4734
5364
5986
6421
7193
7923
10000000
10000000
10000000
10000000
10000000
10000000
10000000
10000000
10000000
10000000
10000000
10000000
10000000
10000000
10000000
10000000
10000000
10000000
10000000
10000000
2793
3143
3558
3924
4230
4739
5365
5991
6411
7197
7905
8290
10000000
10000000
10000000
10000000
10000000
10000000
10000000
10000000
10000000
10000000
10000000
10000000
10000000
10000000
10000000
10000000
10000000
10000000
10000000
2804
3130
3507
3921
4231
4705
5355
5933
6406
7132
7829
8239
8688
10000000
10000000
10000000
10000000
10000000
10000000
10000000
10000000
10000000
10000000
10000000
10000000
10000000
10000000
10000000
10000000
10000000
10000000
2816
3193
3605
3843
4320
4763
5405
6016
6434
7237
7806
8271
8678
9292
10000000
10000000
10000000
10000000
10000000
10000000
10000000
10000000
10000000
10000000
10000000
10000000
10000000
10000000
10000000
10000000
10000000
2835
3206
3583
3937
4227
4762
5380
5970
6417
7139
7909
8320
8666
9111
9632
10000000
10000000
10000000
10000000
10000000
10000000
10000000
10000000
10000000
10000000
10000000
10000000
10000000
10000000
10000000
10000000
2802
3135
3511
3886
4274
4757
5389
5981
6396
7235
7907
8269
8682
9229
9653
10049
10000000
10000000
10000000
10000000
10000000
10000000
10000000
10000000
10000000
10000000
10000000
10000000
10000000
10000000
10000000
2769
3175
3473
3864
4203
4734
5354
5963
6435
7246
7901
8310
8667
9161
9710
10115
10553
10000000
10000000
10000000
10000000
10000000
10000000
10000000
10000000
10000000
10000000
10000000
10000000
10000000
10000000
2814
3250
3601
3923
4228
4726
5399
5953
6391
7161
7876
8322
8656
9159
9671
9992
10496
11215
10000000
10000000
10000000
10000000
10000000
10000000
10000000
10000000
10000000
10000000
10000000
10000000
10000000
2787
3140
3568
3919
4243
4770
5356
6051
6509
7162
7850
8238
8702
9232
9594
10005
10441
11187
12006
10000000
10000000
10000000
10000000
10000000
10000000
10000000
10000000
10000000
10000000
10000000
10000000
2783
3198
3514
3958
4208
4754
5414
5997
6412
7160
7881
8257
8630
9072
9640
9982
10537
11076
11822
12474
10000000
10000000
10000000
10000000
10000000
10000000
10000000
10000000
10000000
10000000
10000000
2782
3159
3512
3878
4193
4720
5344
5974
6399
7150
7857
8282
8591
9143
9587
9998
10462
11099
11937
12420
13396
10000000
10000000
10000000
10000000
10000000
10000000
10000000
10000000
10000000
10000000
2767
3101
3488
3852
4175
4673
5359
5992
6373
7088
7796
8219
8622
9103
9668
10015
10445
11148
11878
12528
13387
14338
10000000
10000000
10000000
10000000
10000000
10000000
10000000
10000000
10000000
2786
3150
3553
3840
4221
4720
5346
5960
6381
7153
7802
8173
8607
9212
9744
10174
10508
11157
11940
12418
13297
14204
14988
10000000
10000000
10000000
10000000
10000000
10000000
10000000
10000000
2822
3180
3610
3894
4258
4743
5377
6024
6710
7141
7879
8311
8721
9199
9697
10032
10638
11161
11862
12452
13421
14231
14728
15174
10000000
10000000
10000000
10000000
10000000
10000000
10000000
2824
3095
3581
3887
4208
4760
5466
6044
6460
7209
7907
8318
8706
9295
9708
10043
10565
11196
11877
12505
13428
14242
14738
15428
15500