10000000
10000000
10000000
10000000
10000000
10000000
10000000
10000000
10000000
10000000
10000000
10000000
10000000
10000000
10000000
10000000
10000000
10000000
10000000
10000000
10000000
10000000
10000000
10000000
10000000
10000000
10000000
10000000
10000000
10000000
10000000
10000000
10000000
10000000
10000000
10000000
10000000
10000000
10000000
10000000
10000000
10000000
10000000
10000000
10000000
10000000
10000000
10000000
10000000
10000000
10000000
10000000
10000000
10000000
10000000
10000000
10000000
10000000
10000000
10000000
10000000
10000000
10000000
10000000
10000000
10000000
10000000
10000000
10000000
10000000
10000000
10000000
10000000
10000000
10000000
10000000
10000000
10000000
10000000
10000000
10000000
10000000
10000000
10000000
10000000
10000000
10000000
10000000
10000000
10000000
10000000
10000000
10000000
10000000
10000000
10000000
10000000
10000000
10000000
10000000
10000000
10000000
10000000
10000000
10000000
10000000
10000000
10000000
10000000
10000000
10000000
10000000
10000000
10000000
10000000
10000000
10000000
10000000
10000000
10000000
10000000
10000000
10000000
10000000
10000000
10000000
10000000
10000000
10000000
10000000
10000000
10000000
10000000
10000000
10000000
10000000
10000000
10000000
10000000
10000000
10000000
10000000
10000000
10000000
10000000
10000000
10000000
10000000
10000000
10000000
10000000
10000000
10000000
10000000
10000000
10000000
10000000
10000000
10000000
10000000
10000000
10000000
10000000
10000000
10000000
10000000
10000000
10000000
10000000
10000000
10000000
10000000
10000000
10000000
10000000
10000000
10000000
10000000
10000000
10000000
10000000
10000000
10000000
10000000
10000000
10000000
10000000
10000000
10000000
10000000
10000000
10000000
2834
10000000
10000000
10000000
10000000
10000000
10000000
10000000
10000000
10000000
10000000
10000000
10000000
10000000
10000000
10000000
10000000
10000000
10000000
10000000
10000000
10000000
10000000
10000000
10000000
10000000
10000000
10000000
10000000
10000000
10000000
2773
3204
10000000
10000000
10000000
10000000
10000000
10000000
10000000
10000000
10000000
10000000
10000000
10000000
10000000
10000000
10000000
10000000
10000000
10000000
10000000
10000000
10000000
10000000
10000000
10000000
10000000
10000000
10000000
10000000
10000000
2779
3110
3484
10000000
10000000
10000000
10000000
10000000
10000000
10000000
10000000
10000000
10000000
10000000
10000000
10000000
10000000
10000000
10000000
10000000
10000000
10000000
10000000
10000000
10000000
10000000
10000000
10000000
10000000
10000000
10000000
2751
3218
3565
3857
10000000
10000000
10000000
10000000
10000000
10000000
10000000
10000000
10000000
10000000
10000000
10000000
10000000
10000000
10000000
10000000
10000000
10000000
10000000
10000000
10000000
10000000
10000000
10000000
10000000
10000000
10000000
2762
3143
3511
3880
4197
10000000
10000000
10000000
10000000
10000000
10000000
10000000
10000000
10000000
10000000
10000000
10000000
10000000
10000000
10000000
10000000
10000000
10000000
10000000
10000000
10000000
10000000
10000000
10000000
10000000
10000000
2760
3095
3452
3855
4165
4678
10000000
10000000
10000000
10000000
10000000
10000000
10000000
10000000
10000000
10000000
10000000
10000000
10000000
10000000
10000000
10000000
10000000
10000000
10000000
10000000
10000000
10000000
10000000
10000000
10000000
2767
3133
3558
3833
4168
4701
5343
10000000
10000000
10000000
10000000
10000000
10000000
10000000
10000000
10000000
10000000
10000000
10000000
10000000
10000000
10000000
10000000
10000000
10000000
10000000
10000000
10000000
10000000
10000000
10000000
2751
3112
3457
3918
4140
4664
5343
5963
10000000
10000000
10000000
10000000
10000000
10000000
10000000
10000000
10000000
10000000
10000000
10000000
10000000
10000000
10000000
10000000
10000000
10000000
10000000
10000000
10000000
10000000
10000000
2757
3070
3539
3817
4155
4669
5374
5976
6400
10000000
10000000
10000000
10000000
10000000
10000000
10000000
10000000
10000000
10000000
10000000
10000000
10000000
10000000
10000000
10000000
10000000
10000000
10000000
10000000
10000000
10000000
2777
3152
3552
3855
4148
4693
5334
5937
6375
7205
10000000
10000000
10000000
10000000
10000000
10000000
10000000
10000000
10000000
10000000
10000000
10000000
10000000
10000000
10000000
10000000
10000000
10000000
10000000
10000000
10000000
2781
3149
3522
3863
4145
4670
5339
5878
6357
7131
7903
10000000
10000000
10000000
10000000
10000000
10000000
10000000
10000000
10000000
10000000
10000000
10000000
10000000
10000000
10000000
10000000
10000000
10000000
10000000
10000000
2770
3120
3526
3824
4166
4690
5329
5939
6383
7097
7822
8289
10000000
10000000
10000000
10000000
10000000
10000000
10000000
10000000
10000000
10000000
10000000
10000000
10000000
10000000
10000000
10000000
10000000
10000000
10000000
2744
3152
3522
3840
4188
4727
5358
5985
6418
7208
7971
8425
8744
10000000
10000000
10000000
10000000
10000000
10000000
10000000
10000000
10000000
10000000
10000000
10000000
10000000
10000000
10000000
10000000
10000000
10000000
2784
3149
3534
3848
4230
4708
5273
5954
6508
7236
7921
8305
8726
9180
10000000
10000000
10000000
10000000
10000000
10000000
10000000
10000000
10000000
10000000
10000000
10000000
10000000
10000000
10000000
10000000
10000000
2778
3158
3568
3864
4214
4737
5375
5994
6420
7172
7864
8309
8707
9252
9654
10000000
10000000
10000000
10000000
10000000
10000000
10000000
10000000
10000000
10000000
10000000
10000000
10000000
10000000
10000000
10000000
2856
3123
3486
3856
4186
4717
5322
5968
6386
6992
7884
8270
8676
9225
9771
10086
10000000
10000000
10000000
10000000
10000000
10000000
10000000
10000000
10000000
10000000
10000000
10000000
10000000
10000000
10000000
2786
3147
3528
3852
4152
4675
5351
5911
6408
7166
7839
8268
8635
9221
9706
10126
10606
10000000
10000000
10000000
10000000
10000000
10000000
10000000
10000000
10000000
10000000
10000000
10000000
10000000
10000000
2791
3177
3508
3961
4213
4728
5338
5959
6439
7145
7818
8277
8754
9206
9690
10159
10524
11257
10000000
10000000
10000000
10000000
10000000
10000000
10000000
10000000
10000000
10000000
10000000
10000000
10000000
2777
3174
3545
3901
4231
4783
5414
5991
6401
7231
7919
8356
8740
9289
9807
10147
10579
11247
12028
10000000
10000000
10000000
10000000
10000000
10000000
10000000
10000000
10000000
10000000
10000000
10000000
2788
3253
3514
3909
4196
4737
5390
5983
6428
7192
7876
8333
8698
9227
9708
10064
10583
11294
11937
12592
10000000
10000000
10000000
10000000
10000000
10000000
10000000
10000000
10000000
10000000
10000000
2793
3146
3593
3906
4205
4744
5386
5987
6426
7157
7881
8347
8578
9331
9816
10124
10664
11173
11962
12622
13524
10000000
10000000
10000000
10000000
10000000
10000000
10000000
10000000
10000000
10000000
2806
3156
3641
3871
4198
4707
5364
5990
6487
7191
7887
8305
8661
9234
9669
10106
10519
11226
11921
12506
13525
14407
10000000
10000000
10000000
10000000
10000000
10000000
10000000
10000000
10000000
2793
3159
3538
3908
4243
4753
5374
6051
6432
7241
7901
8292
8743
9216
9716
10064
10522
11221
11977
12704
13493
14349
14977
10000000
10000000
10000000
10000000
10000000
10000000
10000000
10000000
2865
3146
3583
3936
4197
4713
5343
5971
6408
7192
7902
8409
8723
9276
9695
10096
10643
11206
11929
12546
13504
14369
14801
15360
10000000
10000000
10000000
10000000
10000000
10000000
10000000
2782
3136
3552
3884
4283
4779
5413
6029
6505
7197
7870
8280
8833
9242
9693
10072
10570
11273
11943
12408
13258
14029
14817
15078
15627