10000000
10000000
10000000
10000000
10000000
10000000
10000000
10000000
10000000
10000000
10000000
10000000
10000000
10000000
10000000
10000000
10000000
10000000
10000000
10000000
10000000
10000000
10000000
10000000
10000000
10000000
10000000
10000000
10000000
10000000
10000000
10000000
10000000
10000000
10000000
10000000
10000000
10000000
10000000
10000000
10000000
10000000
10000000
10000000
10000000
10000000
10000000
10000000
10000000
10000000
10000000
10000000
10000000
10000000
10000000
10000000
10000000
10000000
10000000
10000000
10000000
10000000
10000000
10000000
10000000
10000000
10000000
10000000
10000000
10000000
10000000
10000000
10000000
10000000
10000000
10000000
10000000
10000000
10000000
10000000
10000000
10000000
10000000
10000000
10000000
10000000
10000000
10000000
10000000
10000000
10000000
10000000
10000000
10000000
10000000
10000000
10000000
10000000
10000000
10000000
10000000
10000000
10000000
10000000
10000000
10000000
10000000
10000000
10000000
10000000
10000000
10000000
10000000
10000000
10000000
10000000
10000000
10000000
10000000
10000000
10000000
10000000
10000000
10000000
10000000
10000000
10000000
10000000
10000000
10000000
10000000
10000000
10000000
10000000
10000000
10000000
10000000
10000000
10000000
10000000
10000000
10000000
10000000
10000000
10000000
10000000
10000000
10000000
10000000
10000000
10000000
10000000
10000000
10000000
10000000
10000000
10000000
10000000
10000000
10000000
10000000
10000000
10000000
10000000
10000000
10000000
10000000
10000000
10000000
10000000
10000000
10000000
10000000
10000000
10000000
10000000
10000000
10000000
10000000
10000000
10000000
10000000
10000000
10000000
10000000
10000000
10000000
10000000
10000000
10000000
10000000
10000000
2831
10000000
10000000
10000000
10000000
10000000
10000000
10000000
10000000
10000000
10000000
10000000
10000000
10000000
10000000
10000000
10000000
10000000
10000000
10000000
10000000
10000000
10000000
10000000
10000000
10000000
10000000
10000000
10000000
10000000
10000000
2703
3097
10000000
10000000
10000000
10000000
10000000
10000000
10000000
10000000
10000000
10000000
10000000
10000000
10000000
10000000
10000000
10000000
10000000
10000000
10000000
10000000
10000000
10000000
10000000
10000000
10000000
10000000
10000000
10000000
10000000
2762
3087
3472
10000000
10000000
10000000
10000000
10000000
10000000
10000000
10000000
10000000
10000000
10000000
10000000
10000000
10000000
10000000
10000000
10000000
10000000
10000000
10000000
10000000
10000000
10000000
10000000
10000000
10000000
10000000
10000000
2717
3103
3525
3844
10000000
10000000
10000000
10000000
10000000
10000000
10000000
10000000
10000000
10000000
10000000
10000000
10000000
10000000
10000000
10000000
10000000
10000000
10000000
10000000
10000000
10000000
10000000
10000000
10000000
10000000
10000000
2730
3102
3467
3769
4114
10000000
10000000
10000000
10000000
10000000
10000000
10000000
10000000
10000000
10000000
10000000
10000000
10000000
10000000
10000000
10000000
10000000
10000000
10000000
10000000
10000000
10000000
10000000
10000000
10000000
10000000
2734
3081
3418
3784
4109
4656
10000000
10000000
10000000
10000000
10000000
10000000
10000000
10000000
10000000
10000000
10000000
10000000
10000000
10000000
10000000
10000000
10000000
10000000
10000000
10000000
10000000
10000000
10000000
10000000
10000000
2706
3090
3513
3894
4128
4649
5293
10000000
10000000
10000000
10000000
10000000
10000000
10000000
10000000
10000000
10000000
10000000
10000000
10000000
10000000
10000000
10000000
10000000
10000000
10000000
10000000
10000000
10000000
10000000
10000000
2753
3149
3427
3744
4202
4631
5247
5906
10000000
10000000
10000000
10000000
10000000
10000000
10000000
10000000
10000000
10000000
10000000
10000000
10000000
10000000
10000000
10000000
10000000
10000000
10000000
10000000
10000000
10000000
10000000
2742
3072
3485
3834
4139
4645
5278
5836
6269
10000000
10000000
10000000
10000000
10000000
10000000
10000000
10000000
10000000
10000000
10000000
10000000
10000000
10000000
10000000
10000000
10000000
10000000
10000000
10000000
10000000
10000000
2710
3073
3477
3848
4128
4650
5287
5864
6316
7016
10000000
10000000
10000000
10000000
10000000
10000000
10000000
10000000
10000000
10000000
10000000
10000000
10000000
10000000
10000000
10000000
10000000
10000000
10000000
10000000
10000000
2718
3121
3485
3786
4105
4675
5330
5913
6342
7130
7849
10000000
10000000
10000000
10000000
10000000
10000000
10000000
10000000
10000000
10000000
10000000
10000000
10000000
10000000
10000000
10000000
10000000
10000000
10000000
10000000
2773
3115
3522
3844
4220
4703
5380
5932
6406
7272
7861
8302
10000000
10000000
10000000
10000000
10000000
10000000
10000000
10000000
10000000
10000000
10000000
10000000
10000000
10000000
10000000
10000000
10000000
10000000
10000000
2727
3135
3494
3830
4159
4717
5344
5911
6341
7149
7796
8326
8720
10000000
10000000
10000000
10000000
10000000
10000000
10000000
10000000
10000000
10000000
10000000
10000000
10000000
10000000
10000000
10000000
10000000
10000000
2794
3158
3601
3865
4191
4713
5364
5937
6397
7158
7889
8412
8764
9218
10000000
10000000
10000000
10000000
10000000
10000000
10000000
10000000
10000000
10000000
10000000
10000000
10000000
10000000
10000000
10000000
10000000
2791
3161
3494
3869
4197
4741
5359
6001
6479
7151
7924
8331
8691
9273
9740
10000000
10000000
10000000
10000000
10000000
10000000
10000000
10000000
10000000
10000000
10000000
10000000
10000000
10000000
10000000
10000000
2753
3179
3548
3833
4175
4692
5351
5996
6415
7157
7977
8500
8815
9444
9837
10164
10000000
10000000
10000000
10000000
10000000
10000000
10000000
10000000
10000000
10000000
10000000
10000000
10000000
10000000
10000000
2761
3167
3443
3855
4222
4741
5362
6008
6412
7183
7900
8389
8730
9311
9760
10212
10574
10000000
10000000
10000000
10000000
10000000
10000000
10000000
10000000
10000000
10000000
10000000
10000000
10000000
10000000
2783
3169
3576
3929
4218
4783
5395
5995
6417
7211
7870
8417
8733
9139
9657
10080
10537
11317
10000000
10000000
10000000
10000000
10000000
10000000
10000000
10000000
10000000
10000000
10000000
10000000
10000000
2788
3142
3568
3847
4171
4698
5314
5937
6341
7089
7775
8318
8665
9168
9709
10104
10638
11340
11997
10000000
10000000
10000000
10000000
10000000
10000000
10000000
10000000
10000000
10000000
10000000
10000000
2884
3187
3599
3897
4213
4758
5373
5985
6376
7161
7854
8300
8698
9301
9725
9876
10372
10912
11676
12345
10000000
10000000
10000000
10000000
10000000
10000000
10000000
10000000
10000000
10000000
10000000
2732
3124
3404
3780
4097
4568
5198
5850
6382
7105
7840
8305
8699
9120
9646
10000
10526
11197
11910
12525
13476
10000000
10000000
10000000
10000000
10000000
10000000
10000000
10000000
10000000
10000000
2727
3096
3511
3821
4156
4638
5258
5853
6333
7008
7688
8155
8532
9054
9492
9900
10304
11105
11990
12463
13360
14300
10000000
10000000
10000000
10000000
10000000
10000000
10000000
10000000
10000000
2755
3151
3496
3861
4215
4689
5311
5922
6395
7175
7832
8325
8740
9120
9537
10026
10521
11210
11983
12470
13499
14304
14932
10000000
10000000
10000000
10000000
10000000
10000000
10000000
10000000
2770
3133
3506
3841
4194
4707
5331
5913
6353
7142
7889
8375
8687
9293
9657
10073
10704
11300
11963
12502
13578
14323
14876
15372
10000000
10000000
10000000
10000000
10000000
10000000
10000000
2764
3139
3553
3887
4198
4716
5401
5960
6431
7180
7829
8302
8803
9317
9816
10103
10594
11314
11972
12498
13454
14433
14997
15323
15621