10000000
10000000
10000000
10000000
10000000
10000000
10000000
10000000
10000000
10000000
10000000
10000000
10000000
10000000
10000000
10000000
10000000
10000000
10000000
10000000
10000000
10000000
10000000
10000000
10000000
10000000
10000000
10000000
10000000
10000000
10000000
10000000
10000000
10000000
10000000
10000000
10000000
10000000
10000000
10000000
10000000
10000000
10000000
10000000
10000000
10000000
10000000
10000000
10000000
10000000
10000000
10000000
10000000
10000000
10000000
10000000
10000000
10000000
10000000
10000000
10000000
10000000
10000000
10000000
10000000
10000000
10000000
10000000
10000000
10000000
10000000
10000000
10000000
10000000
10000000
10000000
10000000
10000000
10000000
10000000
10000000
10000000
10000000
10000000
10000000
10000000
10000000
10000000
10000000
10000000
10000000
10000000
10000000
10000000
10000000
10000000
10000000
10000000
10000000
10000000
10000000
10000000
10000000
10000000
10000000
10000000
10000000
10000000
10000000
10000000
10000000
10000000
10000000
10000000
10000000
10000000
10000000
10000000
10000000
10000000
10000000
10000000
10000000
10000000
10000000
10000000
10000000
10000000
10000000
10000000
10000000
10000000
10000000
10000000
10000000
10000000
10000000
10000000
10000000
10000000
10000000
10000000
10000000
10000000
10000000
10000000
10000000
10000000
10000000
10000000
10000000
10000000
10000000
10000000
10000000
10000000
10000000
10000000
10000000
10000000
10000000
10000000
10000000
10000000
10000000
10000000
10000000
10000000
10000000
10000000
10000000
10000000
10000000
10000000
10000000
10000000
10000000
10000000
10000000
10000000
10000000
10000000
10000000
10000000
10000000
10000000
10000000
10000000
10000000
10000000
10000000
10000000
2785
10000000
10000000
10000000
10000000
10000000
10000000
10000000
10000000
10000000
10000000
10000000
10000000
10000000
10000000
10000000
10000000
10000000
10000000
10000000
10000000
10000000
10000000
10000000
10000000
10000000
10000000
10000000
10000000
10000000
10000000
2791
3236
10000000
10000000
10000000
10000000
10000000
10000000
10000000
10000000
10000000
10000000
10000000
10000000
10000000
10000000
10000000
10000000
10000000
10000000
10000000
10000000
10000000
10000000
10000000
10000000
10000000
10000000
10000000
10000000
10000000
2805
3165
3479
10000000
10000000
10000000
10000000
10000000
10000000
10000000
10000000
10000000
10000000
10000000
10000000
10000000
10000000
10000000
10000000
10000000
10000000
10000000
10000000
10000000
10000000
10000000
10000000
10000000
10000000
10000000
10000000
2774
3258
3474
3883
10000000
10000000
10000000
10000000
10000000
10000000
10000000
10000000
10000000
10000000
10000000
10000000
10000000
10000000
10000000
10000000
10000000
10000000
10000000
10000000
10000000
10000000
10000000
10000000
10000000
10000000
10000000
2786
3136
3508
3848
4238
10000000
10000000
10000000
10000000
10000000
10000000
10000000
10000000
10000000
10000000
10000000
10000000
10000000
10000000
10000000
10000000
10000000
10000000
10000000
10000000
10000000
10000000
10000000
10000000
10000000
10000000
2777
3122
3544
3879
4200
4704
10000000
10000000
10000000
10000000
10000000
10000000
10000000
10000000
10000000
10000000
10000000
10000000
10000000
10000000
10000000
10000000
10000000
10000000
10000000
10000000
10000000
10000000
10000000
10000000
10000000
2795
3155
3556
3886
4180
4713
5357
10000000
10000000
10000000
10000000
10000000
10000000
10000000
10000000
10000000
10000000
10000000
10000000
10000000
10000000
10000000
10000000
10000000
10000000
10000000
10000000
10000000
10000000
10000000
10000000
2793
3242
3592
3925
4234
4724
5456
6004
10000000
10000000
10000000
10000000
10000000
10000000
10000000
10000000
10000000
10000000
10000000
10000000
10000000
10000000
10000000
10000000
10000000
10000000
10000000
10000000
10000000
10000000
10000000
2782
3124
3597
3897
4220
4749
5398
6019
6437
10000000
10000000
10000000
10000000
10000000
10000000
10000000
10000000
10000000
10000000
10000000
10000000
10000000
10000000
10000000
10000000
10000000
10000000
10000000
10000000
10000000
10000000
2778
3186
3547
3880
4189
4732
5413
6004
6410
7218
10000000
10000000
10000000
10000000
10000000
10000000
10000000
10000000
10000000
10000000
10000000
10000000
10000000
10000000
10000000
10000000
10000000
10000000
10000000
10000000
10000000
2802
3204
3574
3888
4200
4734
5344
5946
6362
7120
7936
10000000
10000000
10000000
10000000
10000000
10000000
10000000
10000000
10000000
10000000
10000000
10000000
10000000
10000000
10000000
10000000
10000000
10000000
10000000
10000000
2814
3189
3542
3861
4200
4733
5366
5981
6423
7159
7895
8415
10000000
10000000
10000000
10000000
10000000
10000000
10000000
10000000
10000000
10000000
10000000
10000000
10000000
10000000
10000000
10000000
10000000
10000000
10000000
2773
3166
3602
3879
4217
4733
5344
5997
6412
7153
7933
8336
8640
10000000
10000000
10000000
10000000
10000000
10000000
10000000
10000000
10000000
10000000
10000000
10000000
10000000
10000000
10000000
10000000
10000000
10000000
2753
3226
3544
3874
4167
4678
5343
5961
6402
7141
7850
8245
8586
9119
10000000
10000000
10000000
10000000
10000000
10000000
10000000
10000000
10000000
10000000
10000000
10000000
10000000
10000000
10000000
10000000
10000000
2724
3095
3423
3845
4217
4709
5342
5953
6380
7141
7805
8222
8648
9078
9773
10000000
10000000
10000000
10000000
10000000
10000000
10000000
10000000
10000000
10000000
10000000
10000000
10000000
10000000
10000000
10000000
2764
3111
3505
3890
4221
4757
5407
6012
6479
7196
7922
8344
8684
9240
9745
10080
10000000
10000000
10000000
10000000
10000000
10000000
10000000
10000000
10000000
10000000
10000000
10000000
10000000
10000000
10000000
2781
3122
3593
3904
4197
4708
5330
5960
6365
7170
7902
8543
8640
9231
9772
10171
10871
10000000
10000000
10000000
10000000
10000000
10000000
10000000
10000000
10000000
10000000
10000000
10000000
10000000
10000000
2774
3206
3607
3919
4253
4784
5397
6033
6523
7213
8008
8347
8809
9296
9815
10171
10614
11252
10000000
10000000
10000000
10000000
10000000
10000000
10000000
10000000
10000000
10000000
10000000
10000000
10000000
2814
3231
3614
3859
4233
4729
5355
5936
6385
7172
7846
8336
8696
9275
9814
10235
10659
11355
12104
10000000
10000000
10000000
10000000
10000000
10000000
10000000
10000000
10000000
10000000
10000000
10000000
2799
3161
3540
3883
4229
4734
5363
5963
6388
7247
7920
8359
8858
9359
9912
10148
10558
11345
11922
12532
10000000
10000000
10000000
10000000
10000000
10000000
10000000
10000000
10000000
10000000
10000000
2773
3121
3492
3879
4201
4770
5406
5986
6395
7162
7905
8321
8761
9117
9756
10081
10585
11281
11983
12657
13479
10000000
10000000
10000000
10000000
10000000
10000000
10000000
10000000
10000000
10000000
2773
3116
3482
3870
4191
4679
5362
5953
6441
7198
7828
8301
8734
9182
9675
10123
10546
11222
11917
12526
13517
14346
10000000
10000000
10000000
10000000
10000000
10000000
10000000
10000000
10000000
2793
3261
3528
3838
4195
4717
5354
5973
6415
7293
7917
8306
8657
9204
9822
10216
10659
11317
11985
12694
13544
14300
14920
10000000
10000000
10000000
10000000
10000000
10000000
10000000
10000000
2749
3149
3594
3860
4212
4739
5366
5957
6406
7183
7842
8330
8715
9253
9714
10129
10562
11199
11906
12383
13314
14185
14951
15196
10000000
10000000
10000000
10000000
10000000
10000000
10000000
2733
3123
3490
3826
4154
4682
5325
5899
6443
7119
7838
8311
8624
9115
9728
10186
10489
11158
11804
12410
13490
14241
14788
15223
15558