10000000
10000000
10000000
10000000
10000000
10000000
10000000
10000000
10000000
10000000
10000000
10000000
10000000
10000000
10000000
10000000
10000000
10000000
10000000
10000000
10000000
10000000
10000000
10000000
10000000
10000000
10000000
10000000
10000000
10000000
10000000
10000000
10000000
10000000
10000000
10000000
10000000
10000000
10000000
10000000
10000000
10000000
10000000
10000000
10000000
10000000
10000000
10000000
10000000
10000000
10000000
10000000
10000000
10000000
10000000
10000000
10000000
10000000
10000000
10000000
10000000
10000000
10000000
10000000
10000000
10000000
10000000
10000000
10000000
10000000
10000000
10000000
10000000
10000000
10000000
10000000
10000000
10000000
10000000
10000000
10000000
10000000
10000000
10000000
10000000
10000000
10000000
10000000
10000000
10000000
10000000
10000000
10000000
10000000
10000000
10000000
10000000
10000000
10000000
10000000
10000000
10000000
10000000
10000000
10000000
10000000
10000000
10000000
10000000
10000000
10000000
10000000
10000000
10000000
10000000
10000000
10000000
10000000
10000000
10000000
10000000
10000000
10000000
10000000
10000000
10000000
10000000
10000000
10000000
10000000
10000000
10000000
10000000
10000000
10000000
10000000
10000000
10000000
10000000
10000000
10000000
10000000
10000000
10000000
10000000
10000000
10000000
10000000
10000000
10000000
10000000
10000000
10000000
10000000
10000000
10000000
10000000
10000000
10000000
10000000
10000000
10000000
10000000
10000000
10000000
10000000
10000000
10000000
10000000
10000000
10000000
10000000
10000000
10000000
10000000
10000000
10000000
10000000
10000000
10000000
10000000
10000000
10000000
10000000
10000000
10000000
10000000
10000000
10000000
10000000
10000000
10000000
3015
10000000
10000000
10000000
10000000
10000000
10000000
10000000
10000000
10000000
10000000
10000000
10000000
10000000
10000000
10000000
10000000
10000000
10000000
10000000
10000000
10000000
10000000
10000000
10000000
10000000
10000000
10000000
10000000
10000000
10000000
2995
3438
10000000
10000000
10000000
10000000
10000000
10000000
10000000
10000000
10000000
10000000
10000000
10000000
10000000
10000000
10000000
10000000
10000000
10000000
10000000
10000000
10000000
10000000
10000000
10000000
10000000
10000000
10000000
10000000
10000000
3035
3428
3772
10000000
10000000
10000000
10000000
10000000
10000000
10000000
10000000
10000000
10000000
10000000
10000000
10000000
10000000
10000000
10000000
10000000
10000000
10000000
10000000
10000000
10000000
10000000
10000000
10000000
10000000
10000000
10000000
2993
3397
3889
4202
10000000
10000000
10000000
10000000
10000000
10000000
10000000
10000000
10000000
10000000
10000000
10000000
10000000
10000000
10000000
10000000
10000000
10000000
10000000
10000000
10000000
10000000
10000000
10000000
10000000
10000000
10000000
2971
3430
3877
4188
4658
10000000
10000000
10000000
10000000
10000000
10000000
10000000
10000000
10000000
10000000
10000000
10000000
10000000
10000000
10000000
10000000
10000000
10000000
10000000
10000000
10000000
10000000
10000000
10000000
10000000
10000000
3006
3488
3861
4238
4565
5187
10000000
10000000
10000000
10000000
10000000
10000000
10000000
10000000
10000000
10000000
10000000
10000000
10000000
10000000
10000000
10000000
10000000
10000000
10000000
10000000
10000000
10000000
10000000
10000000
10000000
3000
3473
3875
4216
4579
5153
5882
10000000
10000000
10000000
10000000
10000000
10000000
10000000
10000000
10000000
10000000
10000000
10000000
10000000
10000000
10000000
10000000
10000000
10000000
10000000
10000000
10000000
10000000
10000000
10000000
2994
3417
3846
4258
4592
5181
5891
6549
10000000
10000000
10000000
10000000
10000000
10000000
10000000
10000000
10000000
10000000
10000000
10000000
10000000
10000000
10000000
10000000
10000000
10000000
10000000
10000000
10000000
10000000
10000000
2995
3402
3851
4202
4620
5174
5912
6640
7129
10000000
10000000
10000000
10000000
10000000
10000000
10000000
10000000
10000000
10000000
10000000
10000000
10000000
10000000
10000000
10000000
10000000
10000000
10000000
10000000
10000000
10000000
3010
3347
3865
4209
4624
5191
5863
6626
7216
8052
10000000
10000000
10000000
10000000
10000000
10000000
10000000
10000000
10000000
10000000
10000000
10000000
10000000
10000000
10000000
10000000
10000000
10000000
10000000
10000000
10000000
3000
3387
3847
4161
4589
5164
5904
6608
7111
7928
8578
10000000
10000000
10000000
10000000
10000000
10000000
10000000
10000000
10000000
10000000
10000000
10000000
10000000
10000000
10000000
10000000
10000000
10000000
10000000
10000000
3000
3423
3813
4208
4623
5239
5869
6593
7121
7947
8629
9012
10000000
10000000
10000000
10000000
10000000
10000000
10000000
10000000
10000000
10000000
10000000
10000000
10000000
10000000
10000000
10000000
10000000
10000000
10000000
2955
3394
3893
4223
4619
5198
5877
6649
7141
7951
8660
9130
9615
10000000
10000000
10000000
10000000
10000000
10000000
10000000
10000000
10000000
10000000
10000000
10000000
10000000
10000000
10000000
10000000
10000000
10000000
3044
3446
3851
4221
4619
5163
5863
6598
7047
7898
8514
8952
9451
10074
10000000
10000000
10000000
10000000
10000000
10000000
10000000
10000000
10000000
10000000
10000000
10000000
10000000
10000000
10000000
10000000
10000000
3008
3405
3808
4218
4632
5209
5898
6651
7060
7780
8554
9049
9416
10069
10589
10000000
10000000
10000000
10000000
10000000
10000000
10000000
10000000
10000000
10000000
10000000
10000000
10000000
10000000
10000000
10000000
3034
3495
3903
4197
4618
5139
5867
6561
7180
7871
8623
9080
9505
10150
10571
10970
10000000
10000000
10000000
10000000
10000000
10000000
10000000
10000000
10000000
10000000
10000000
10000000
10000000
10000000
10000000
2996
3504
3864
4169
4620
5211
5905
6599
7066
7933
8575
9100
9624
10086
10581
11050
11547
10000000
10000000
10000000
10000000
10000000
10000000
10000000
10000000
10000000
10000000
10000000
10000000
10000000
10000000
2951
3305
3771
4148
4607
5125
5808
6535
7018
7829
8523
8921
9461
10030
10408
10976
11525
12355
10000000
10000000
10000000
10000000
10000000
10000000
10000000
10000000
10000000
10000000
10000000
10000000
10000000
3153
3453
3913
4229
4658
5212
5932
6682
7168
7991
8699
9148
9610
10133
10642
11210
11650
12325
13217
10000000
10000000
10000000
10000000
10000000
10000000
10000000
10000000
10000000
10000000
10000000
10000000
3059
3460
3794
4180
4587
5286
5936
6667
7220
8009
8713
9200
9704
10235
10644
11093
11585
12334
13151
13899
10000000
10000000
10000000
10000000
10000000
10000000
10000000
10000000
10000000
10000000
10000000
3092
3425
3922
4273
4729
5237
5943
6737
7235
8013
8721
9213
9672
10190
10728
11105
11579
12275
13230
13821
14844
10000000
10000000
10000000
10000000
10000000
10000000
10000000
10000000
10000000
10000000
3056
3581
3951
4273
4660
5267
5962
6685
7209
8066
8708
9176
9653
10265
10597
11032
11567
12236
13129
13709
14754
15650
10000000
10000000
10000000
10000000
10000000
10000000
10000000
10000000
10000000
3047
3461
3921
4269
4646
5245
5901
6660
7145
8034
8716
9286
9520
10010
10565
10925
11418
12052
12927
13529
14582
15710
16267
10000000
10000000
10000000
10000000
10000000
10000000
10000000
10000000
3036
3394
3860
4239
4688
5203
5922
6700
7167
8021
8641
9170
9604
10203
10619
11084
11617
12336
13303
13758
14848
15836
16553
16859
10000000
10000000
10000000
10000000
10000000
10000000
10000000
3057
3444
3924
4245
4650
5255
5937
6680
7136
8052
8744
9161
9583
10235
10774
11143
11845
12289
13166
13801
14858
15761
16427
16789
16914