10000000
10000000
10000000
10000000
10000000
10000000
10000000
10000000
10000000
10000000
10000000
10000000
10000000
10000000
10000000
10000000
10000000
10000000
10000000
10000000
10000000
10000000
10000000
10000000
10000000
10000000
10000000
10000000
10000000
10000000
10000000
10000000
10000000
10000000
10000000
10000000
10000000
10000000
10000000
10000000
10000000
10000000
10000000
10000000
10000000
10000000
10000000
10000000
10000000
10000000
10000000
10000000
10000000
10000000
10000000
10000000
10000000
10000000
10000000
10000000
10000000
10000000
10000000
10000000
10000000
10000000
10000000
10000000
10000000
10000000
10000000
10000000
10000000
10000000
10000000
10000000
10000000
10000000
10000000
10000000
10000000
10000000
10000000
10000000
10000000
10000000
10000000
10000000
10000000
10000000
10000000
10000000
10000000
10000000
10000000
10000000
10000000
10000000
10000000
10000000
10000000
10000000
10000000
10000000
10000000
10000000
10000000
10000000
10000000
10000000
10000000
10000000
10000000
10000000
10000000
10000000
10000000
10000000
10000000
10000000
10000000
10000000
10000000
10000000
10000000
10000000
10000000
10000000
10000000
10000000
10000000
10000000
10000000
10000000
10000000
10000000
10000000
10000000
10000000
10000000
10000000
10000000
10000000
10000000
10000000
10000000
10000000
10000000
10000000
10000000
10000000
10000000
10000000
10000000
10000000
10000000
10000000
10000000
10000000
10000000
10000000
10000000
10000000
10000000
10000000
10000000
10000000
10000000
10000000
10000000
10000000
10000000
10000000
10000000
10000000
10000000
10000000
10000000
10000000
10000000
10000000
10000000
10000000
10000000
10000000
10000000
10000000
10000000
10000000
10000000
10000000
10000000
3100
10000000
10000000
10000000
10000000
10000000
10000000
10000000
10000000
10000000
10000000
10000000
10000000
10000000
10000000
10000000
10000000
10000000
10000000
10000000
10000000
10000000
10000000
10000000
10000000
10000000
10000000
10000000
10000000
10000000
10000000
3038
3469
10000000
10000000
10000000
10000000
10000000
10000000
10000000
10000000
10000000
10000000
10000000
10000000
10000000
10000000
10000000
10000000
10000000
10000000
10000000
10000000
10000000
10000000
10000000
10000000
10000000
10000000
10000000
10000000
10000000
3041
3454
3843
10000000
10000000
10000000
10000000
10000000
10000000
10000000
10000000
10000000
10000000
10000000
10000000
10000000
10000000
10000000
10000000
10000000
10000000
10000000
10000000
10000000
10000000
10000000
10000000
10000000
10000000
10000000
10000000
3080
3443
3945
4284
10000000
10000000
10000000
10000000
10000000
10000000
10000000
10000000
10000000
10000000
10000000
10000000
10000000
10000000
10000000
10000000
10000000
10000000
10000000
10000000
10000000
10000000
10000000
10000000
10000000
10000000
10000000
3068
3514
3869
4238
4684
10000000
10000000
10000000
10000000
10000000
10000000
10000000
10000000
10000000
10000000
10000000
10000000
10000000
10000000
10000000
10000000
10000000
10000000
10000000
10000000
10000000
10000000
10000000
10000000
10000000
10000000
3057
3458
3906
4325
4653
5229
10000000
10000000
10000000
10000000
10000000
10000000
10000000
10000000
10000000
10000000
10000000
10000000
10000000
10000000
10000000
10000000
10000000
10000000
10000000
10000000
10000000
10000000
10000000
10000000
10000000
3044
3480
3843
4245
4652
5247
5978
10000000
10000000
10000000
10000000
10000000
10000000
10000000
10000000
10000000
10000000
10000000
10000000
10000000
10000000
10000000
10000000
10000000
10000000
10000000
10000000
10000000
10000000
10000000
10000000
3046
3438
3850
4246
4641
5233
5906
6659
10000000
10000000
10000000
10000000
10000000
10000000
10000000
10000000
10000000
10000000
10000000
10000000
10000000
10000000
10000000
10000000
10000000
10000000
10000000
10000000
10000000
10000000
10000000
3037
3502
3907
4364
4665
5248
5931
6659
7189
10000000
10000000
10000000
10000000
10000000
10000000
10000000
10000000
10000000
10000000
10000000
10000000
10000000
10000000
10000000
10000000
10000000
10000000
10000000
10000000
10000000
10000000
3037
3451
3892
4220
4662
5266
5903
6661
7164
7978
10000000
10000000
10000000
10000000
10000000
10000000
10000000
10000000
10000000
10000000
10000000
10000000
10000000
10000000
10000000
10000000
10000000
10000000
10000000
10000000
10000000
3049
3472
3880
4267
4636
5252
5953
6710
7210
7949
8722
10000000
10000000
10000000
10000000
10000000
10000000
10000000
10000000
10000000
10000000
10000000
10000000
10000000
10000000
10000000
10000000
10000000
10000000
10000000
10000000
3055
3464
3870
4276
4666
5276
5891
6648
7188
7978
8633
9147
10000000
10000000
10000000
10000000
10000000
10000000
10000000
10000000
10000000
10000000
10000000
10000000
10000000
10000000
10000000
10000000
10000000
10000000
10000000
3042
3595
3926
4277
4646
5296
5960
6670
7231
8002
8735
9135
9643
10000000
10000000
10000000
10000000
10000000
10000000
10000000
10000000
10000000
10000000
10000000
10000000
10000000
10000000
10000000
10000000
10000000
10000000
3057
3431
3964
4281
4669
5255
5991
6712
7234
8037
8673
9138
9608
10252
10000000
10000000
10000000
10000000
10000000
10000000
10000000
10000000
10000000
10000000
10000000
10000000
10000000
10000000
10000000
10000000
10000000
3083
3544
3818
4284
4644
5232
5902
6629
7131
7966
8686
9104
9631
10114
10594
10000000
10000000
10000000
10000000
10000000
10000000
10000000
10000000
10000000
10000000
10000000
10000000
10000000
10000000
10000000
10000000
3065
3465
3868
4307
4691
5238
5912
6647
7152
7980
8638
9099
9726
10295
10764
11141
10000000
10000000
10000000
10000000
10000000
10000000
10000000
10000000
10000000
10000000
10000000
10000000
10000000
10000000
10000000
3079
3491
3906
4289
4680
5281
5950
6693
7211
8059
8714
9214
9417
10082
10450
10899
11399
10000000
10000000
10000000
10000000
10000000
10000000
10000000
10000000
10000000
10000000
10000000
10000000
10000000
10000000
3058
3481
3863
4243
4682
5250
5949
6663
7193
7992
8648
9118
9651
10237
10692
11037
11531
12369
10000000
10000000
10000000
10000000
10000000
10000000
10000000
10000000
10000000
10000000
10000000
10000000
10000000
3048
3560
3847
4264
4689
5249
5934
6750
7295
8095
8816
9125
9517
10102
10553
11117
11577
12314
13171
10000000
10000000
10000000
10000000
10000000
10000000
10000000
10000000
10000000
10000000
10000000
10000000
3028
3480
3910
4253
4678
5240
5913
6647
7181
8030
8670
9075
9716
10168
10667
11136
11626
12396
13206
13854
10000000
10000000
10000000
10000000
10000000
10000000
10000000
10000000
10000000
10000000
10000000
3068
3508
3852
4223
4692
5268
5916
6680
7257
7983
8644
9065
9633
10131
10598
11051
11575
12270
13176
13685
14824
10000000
10000000
10000000
10000000
10000000
10000000
10000000
10000000
10000000
10000000
3035
3488
3830
4256
4677
5289
5962
6690
7232
8051
8667
9153
9678
10454
10685
11103
11548
12372
13266
13796
14870
15754
10000000
10000000
10000000
10000000
10000000
10000000
10000000
10000000
10000000
3034
3469
3795
4195
4611
5152
5850
6588
7007
7790
8512
8963
9386
9964
10356
10940
11367
11990
12898
13583
14730
15474
16074
10000000
10000000
10000000
10000000
10000000
10000000
10000000
10000000
3026
3372
3770
4164
4580
5180
5838
6546
7053
7887
8575
8990
9428
10075
10485
10949
11362
12108
13081
13606
14627
15468
16189
16530
10000000
10000000
10000000
10000000
10000000
10000000
10000000
2988
3365
3813
4217
4622
5161
5879
6614
7068
7939
8608
9007
9500
10101
10671
10972
11475
12029
12931
13522
14429
15455
16073
16476
17093