10000000
10000000
10000000
10000000
10000000
10000000
10000000
10000000
10000000
10000000
10000000
10000000
10000000
10000000
10000000
10000000
10000000
10000000
10000000
10000000
10000000
10000000
10000000
10000000
10000000
10000000
10000000
10000000
10000000
10000000
10000000
10000000
10000000
10000000
10000000
10000000
10000000
10000000
10000000
10000000
10000000
10000000
10000000
10000000
10000000
10000000
10000000
10000000
10000000
10000000
10000000
10000000
10000000
10000000
10000000
10000000
10000000
10000000
10000000
10000000
10000000
10000000
10000000
10000000
10000000
10000000
10000000
10000000
10000000
10000000
10000000
10000000
10000000
10000000
10000000
10000000
10000000
10000000
10000000
10000000
10000000
10000000
10000000
10000000
10000000
10000000
10000000
10000000
10000000
10000000
10000000
10000000
10000000
10000000
10000000
10000000
10000000
10000000
10000000
10000000
10000000
10000000
10000000
10000000
10000000
10000000
10000000
10000000
10000000
10000000
10000000
10000000
10000000
10000000
10000000
10000000
10000000
10000000
10000000
10000000
10000000
10000000
10000000
10000000
10000000
10000000
10000000
10000000
10000000
10000000
10000000
10000000
10000000
10000000
10000000
10000000
10000000
10000000
10000000
10000000
10000000
10000000
10000000
10000000
10000000
10000000
10000000
10000000
10000000
10000000
10000000
10000000
10000000
10000000
10000000
10000000
10000000
10000000
10000000
10000000
10000000
10000000
10000000
10000000
10000000
10000000
10000000
10000000
10000000
10000000
10000000
10000000
10000000
10000000
10000000
10000000
10000000
10000000
10000000
10000000
10000000
10000000
10000000
10000000
10000000
10000000
10000000
10000000
10000000
10000000
10000000
10000000
3043
10000000
10000000
10000000
10000000
10000000
10000000
10000000
10000000
10000000
10000000
10000000
10000000
10000000
10000000
10000000
10000000
10000000
10000000
10000000
10000000
10000000
10000000
10000000
10000000
10000000
10000000
10000000
10000000
10000000
10000000
3035
3504
10000000
10000000
10000000
10000000
10000000
10000000
10000000
10000000
10000000
10000000
10000000
10000000
10000000
10000000
10000000
10000000
10000000
10000000
10000000
10000000
10000000
10000000
10000000
10000000
10000000
10000000
10000000
10000000
10000000
3046
3440
3893
10000000
10000000
10000000
10000000
10000000
10000000
10000000
10000000
10000000
10000000
10000000
10000000
10000000
10000000
10000000
10000000
10000000
10000000
10000000
10000000
10000000
10000000
10000000
10000000
10000000
10000000
10000000
10000000
3028
3454
3956
4217
10000000
10000000
10000000
10000000
10000000
10000000
10000000
10000000
10000000
10000000
10000000
10000000
10000000
10000000
10000000
10000000
10000000
10000000
10000000
10000000
10000000
10000000
10000000
10000000
10000000
10000000
10000000
3036
3478
3880
4237
4638
10000000
10000000
10000000
10000000
10000000
10000000
10000000
10000000
10000000
10000000
10000000
10000000
10000000
10000000
10000000
10000000
10000000
10000000
10000000
10000000
10000000
10000000
10000000
10000000
10000000
10000000
3065
3511
3952
4331
4694
5384
10000000
10000000
10000000
10000000
10000000
10000000
10000000
10000000
10000000
10000000
10000000
10000000
10000000
10000000
10000000
10000000
10000000
10000000
10000000
10000000
10000000
10000000
10000000
10000000
10000000
3036
3470
3915
4287
4676
5234
5981
10000000
10000000
10000000
10000000
10000000
10000000
10000000
10000000
10000000
10000000
10000000
10000000
10000000
10000000
10000000
10000000
10000000
10000000
10000000
10000000
10000000
10000000
10000000
10000000
3026
3411
3893
4258
4641
5199
5923
6658
10000000
10000000
10000000
10000000
10000000
10000000
10000000
10000000
10000000
10000000
10000000
10000000
10000000
10000000
10000000
10000000
10000000
10000000
10000000
10000000
10000000
10000000
10000000
3026
3444
3920
4253
4666
5278
5958
6698
7212
10000000
10000000
10000000
10000000
10000000
10000000
10000000
10000000
10000000
10000000
10000000
10000000
10000000
10000000
10000000
10000000
10000000
10000000
10000000
10000000
10000000
10000000
3024
3437
3833
4270
4664
5287
5956
6694
7205
8043
10000000
10000000
10000000
10000000
10000000
10000000
10000000
10000000
10000000
10000000
10000000
10000000
10000000
10000000
10000000
10000000
10000000
10000000
10000000
10000000
10000000
3039
3456
3909
4264
4649
5248
5962
6713
7191
7994
8655
10000000
10000000
10000000
10000000
10000000
10000000
10000000
10000000
10000000
10000000
10000000
10000000
10000000
10000000
10000000
10000000
10000000
10000000
10000000
10000000
3026
3459
3961
4271
4668
5247
5938
6654
7167
8034
8732
9148
10000000
10000000
10000000
10000000
10000000
10000000
10000000
10000000
10000000
10000000
10000000
10000000
10000000
10000000
10000000
10000000
10000000
10000000
10000000
3037
3507
3955
4295
4653
5267
5902
6654
7158
8008
8665
9196
9677
10000000
10000000
10000000
10000000
10000000
10000000
10000000
10000000
10000000
10000000
10000000
10000000
10000000
10000000
10000000
10000000
10000000
10000000
3058
3477
3888
4268
4653
5249
5934
6665
7164
8026
8690
9106
9552
10121
10000000
10000000
10000000
10000000
10000000
10000000
10000000
10000000
10000000
10000000
10000000
10000000
10000000
10000000
10000000
10000000
10000000
3036
3469
3840
4273
4676
5242
5911
6677
7161
7939
8640
9126
9634
10055
10603
10000000
10000000
10000000
10000000
10000000
10000000
10000000
10000000
10000000
10000000
10000000
10000000
10000000
10000000
10000000
10000000
3045
3402
3868
4271
4652
5273
5937
6675
7174
8001
8638
9125
9626
10254
10772
11274
10000000
10000000
10000000
10000000
10000000
10000000
10000000
10000000
10000000
10000000
10000000
10000000
10000000
10000000
10000000
3027
3478
3916
4264
4647
5265
5909
6658
7193
8035
8680
9138
9691
10242
10715
11086
11593
10000000
10000000
10000000
10000000
10000000
10000000
10000000
10000000
10000000
10000000
10000000
10000000
10000000
10000000
3061
3483
3855
4318
4711
5294
5967
6721
7209
8051
8721
9286
9710
10194
10757
11301
11786
12693
10000000
10000000
10000000
10000000
10000000
10000000
10000000
10000000
10000000
10000000
10000000
10000000
10000000
3130
3488
3904
4342
4724
5280
5919
6577
7185
8081
8708
9149
9561
10158
10641
11116
11573
12269
13199
10000000
10000000
10000000
10000000
10000000
10000000
10000000
10000000
10000000
10000000
10000000
10000000
3038
3430
3922
4293
4656
5233
5899
6660
7200
7986
8692
9132
9666
10119
10634
11051
11552
12347
13096
13839
10000000
10000000
10000000
10000000
10000000
10000000
10000000
10000000
10000000
10000000
10000000
3058
3452
3890
4236
4651
5257
5973
6720
7186
8026
8734
9110
9509
10230
10665
11050
11524
12250
13203
13766
14846
10000000
10000000
10000000
10000000
10000000
10000000
10000000
10000000
10000000
10000000
3042
3448
3882
4270
4666
5271
5950
6699
7181
7986
8622
9161
9652
10290
10681
11054
11533
12357
13166
13868
14826
15834
10000000
10000000
10000000
10000000
10000000
10000000
10000000
10000000
10000000
3044
3463
3925
4340
4637
5237
5910
6679
7183
7964
8706
9180
9556
10099
10615
11097
11517
12217
13092
13723
14872
15693
16338
10000000
10000000
10000000
10000000
10000000
10000000
10000000
10000000
3056
3449
3849
4258
4698
5223
5908
6625
7160
8055
8649
9181
9608
10101
10606
11037
11533
12351
13127
13738
14807
15909
16442
16872
10000000
10000000
10000000
10000000
10000000
10000000
10000000
3097
3501
3932
4289
4702
5327
5962
6698
7155
8032
8707
9150
9687
10261
10644
11057
11579
12308
13200
13800
14763
15762
16435
16764
17255