10000000
10000000
10000000
10000000
10000000
10000000
10000000
10000000
10000000
10000000
10000000
10000000
10000000
10000000
10000000
10000000
10000000
10000000
10000000
10000000
10000000
10000000
10000000
10000000
10000000
10000000
10000000
10000000
10000000
10000000
10000000
10000000
10000000
10000000
10000000
10000000
10000000
10000000
10000000
10000000
10000000
10000000
10000000
10000000
10000000
10000000
10000000
10000000
10000000
10000000
10000000
10000000
10000000
10000000
10000000
10000000
10000000
10000000
10000000
10000000
10000000
10000000
10000000
10000000
10000000
10000000
10000000
10000000
10000000
10000000
10000000
10000000
10000000
10000000
10000000
10000000
10000000
10000000
10000000
10000000
10000000
10000000
10000000
10000000
10000000
10000000
10000000
10000000
10000000
10000000
10000000
10000000
10000000
10000000
10000000
10000000
10000000
10000000
10000000
10000000
10000000
10000000
10000000
10000000
10000000
10000000
10000000
10000000
10000000
10000000
10000000
10000000
10000000
10000000
10000000
10000000
10000000
10000000
10000000
10000000
10000000
10000000
10000000
10000000
10000000
10000000
10000000
10000000
10000000
10000000
10000000
10000000
10000000
10000000
10000000
10000000
10000000
10000000
10000000
10000000
10000000
10000000
10000000
10000000
10000000
10000000
10000000
10000000
10000000
10000000
10000000
10000000
10000000
10000000
10000000
10000000
10000000
10000000
10000000
10000000
10000000
10000000
10000000
10000000
10000000
10000000
10000000
10000000
10000000
10000000
10000000
10000000
10000000
10000000
10000000
10000000
10000000
10000000
10000000
10000000
10000000
10000000
10000000
10000000
10000000
10000000
10000000
10000000
10000000
10000000
10000000
10000000
3324
10000000
10000000
10000000
10000000
10000000
10000000
10000000
10000000
10000000
10000000
10000000
10000000
10000000
10000000
10000000
10000000
10000000
10000000
10000000
10000000
10000000
10000000
10000000
10000000
10000000
10000000
10000000
10000000
10000000
10000000
3267
3669
10000000
10000000
10000000
10000000
10000000
10000000
10000000
10000000
10000000
10000000
10000000
10000000
10000000
10000000
10000000
10000000
10000000
10000000
10000000
10000000
10000000
10000000
10000000
10000000
10000000
10000000
10000000
10000000
10000000
3280
3738
4100
10000000
10000000
10000000
10000000
10000000
10000000
10000000
10000000
10000000
10000000
10000000
10000000
10000000
10000000
10000000
10000000
10000000
10000000
10000000
10000000
10000000
10000000
10000000
10000000
10000000
10000000
10000000
10000000
3285
3728
4231
4546
10000000
10000000
10000000
10000000
10000000
10000000
10000000
10000000
10000000
10000000
10000000
10000000
10000000
10000000
10000000
10000000
10000000
10000000
10000000
10000000
10000000
10000000
10000000
10000000
10000000
10000000
10000000
3281
3692
4170
4599
5055
10000000
10000000
10000000
10000000
10000000
10000000
10000000
10000000
10000000
10000000
10000000
10000000
10000000
10000000
10000000
10000000
10000000
10000000
10000000
10000000
10000000
10000000
10000000
10000000
10000000
10000000
3333
3753
4301
4639
5117
5730
10000000
10000000
10000000
10000000
10000000
10000000
10000000
10000000
10000000
10000000
10000000
10000000
10000000
10000000
10000000
10000000
10000000
10000000
10000000
10000000
10000000
10000000
10000000
10000000
10000000
3299
3733
4224
4602
5100
5720
6450
10000000
10000000
10000000
10000000
10000000
10000000
10000000
10000000
10000000
10000000
10000000
10000000
10000000
10000000
10000000
10000000
10000000
10000000
10000000
10000000
10000000
10000000
10000000
10000000
3296
3844
4239
4658
5064
5677
6355
7254
10000000
10000000
10000000
10000000
10000000
10000000
10000000
10000000
10000000
10000000
10000000
10000000
10000000
10000000
10000000
10000000
10000000
10000000
10000000
10000000
10000000
10000000
10000000
3193
3601
4132
4512
5061
5664
6378
7269
7777
10000000
10000000
10000000
10000000
10000000
10000000
10000000
10000000
10000000
10000000
10000000
10000000
10000000
10000000
10000000
10000000
10000000
10000000
10000000
10000000
10000000
10000000
3250
3668
4183
4533
5013
5677
6340
7231
7781
8532
10000000
10000000
10000000
10000000
10000000
10000000
10000000
10000000
10000000
10000000
10000000
10000000
10000000
10000000
10000000
10000000
10000000
10000000
10000000
10000000
10000000
3225
3683
4133
4545
5039
5661
6386
7241
7719
8539
9268
10000000
10000000
10000000
10000000
10000000
10000000
10000000
10000000
10000000
10000000
10000000
10000000
10000000
10000000
10000000
10000000
10000000
10000000
10000000
10000000
3267
3692
4150
4564
5064
5663
6327
7285
7775
8475
9231
9697
10000000
10000000
10000000
10000000
10000000
10000000
10000000
10000000
10000000
10000000
10000000
10000000
10000000
10000000
10000000
10000000
10000000
10000000
10000000
3262
3639
4119
4574
5029
5683
6389
7267
7748
8606
9239
9764
10218
10000000
10000000
10000000
10000000
10000000
10000000
10000000
10000000
10000000
10000000
10000000
10000000
10000000
10000000
10000000
10000000
10000000
10000000
3301
3668
4125
4531
4987
5635
6324
7213
7680
8491
9210
9674
10212
10771
10000000
10000000
10000000
10000000
10000000
10000000
10000000
10000000
10000000
10000000
10000000
10000000
10000000
10000000
10000000
10000000
10000000
3258
3746
4158
4551
5009
5671
6342
7332
7760
8518
9245
9651
10195
10802
11384
10000000
10000000
10000000
10000000
10000000
10000000
10000000
10000000
10000000
10000000
10000000
10000000
10000000
10000000
10000000
10000000
3251
3690
4141
4553
5006
5629
6355
7228
7726
8476
9155
9635
10225
10939
11343
11757
10000000
10000000
10000000
10000000
10000000
10000000
10000000
10000000
10000000
10000000
10000000
10000000
10000000
10000000
10000000
3264
3699
4171
4550
5020
5650
6352
7227
7726
8525
9288
9720
10254
10833
11334
11740
12300
10000000
10000000
10000000
10000000
10000000
10000000
10000000
10000000
10000000
10000000
10000000
10000000
10000000
10000000
3275
3698
4122
4536
5002
5600
6383
7375
7771
8554
9268
9759
10108
10758
11320
11792
12182
12836
10000000
10000000
10000000
10000000
10000000
10000000
10000000
10000000
10000000
10000000
10000000
10000000
10000000
3229
3665
4030
4493
4953
5571
6335
7199
7680
8447
9062
9571
10008
10717
11279
11717
12140
12973
14130
10000000
10000000
10000000
10000000
10000000
10000000
10000000
10000000
10000000
10000000
10000000
10000000
3288
3791
4152
4587
5015
5670
6420
7314
7820
8514
9072
9571
9926
10563
11132
11524
11976
12996
14088
14696
10000000
10000000
10000000
10000000
10000000
10000000
10000000
10000000
10000000
10000000
10000000
3209
3669
4091
4530
5019
5625
6359
7226
7769
8488
9095
9546
10020
10678
11306
11761
12360
13038
14215
14695
15815
10000000
10000000
10000000
10000000
10000000
10000000
10000000
10000000
10000000
10000000
3265
3732
4112
4574
5030
5697
6397
7255
7795
8513
9163
9685
10169
10799
11280
11715
12262
13128
14072
14648
15746
16933
10000000
10000000
10000000
10000000
10000000
10000000
10000000
10000000
10000000
3260
3682
4102
4530
4989
5648
6373
7229
7713
8547
9217
9711
10248
10796
11259
11794
12291
12969
13988
14775
15819
16758
17383
10000000
10000000
10000000
10000000
10000000
10000000
10000000
10000000
3258
3665
4131
4570
5022
5655
6346
7191
7737
8528
9270
9692
10125
10823
11372
11775
12337
13047
14080
14694
15957
16732
17337
17970
10000000
10000000
10000000
10000000
10000000
10000000
10000000
3278
3750
4176
4583
5001
5607
6343
7226
7715
8594
9246
9753
10295
10888
11445
11965
12364
13088
14232
14956
15748
16523
17382
17873
18319