10000000
10000000
10000000
10000000
10000000
10000000
10000000
10000000
10000000
10000000
10000000
10000000
10000000
10000000
10000000
10000000
10000000
10000000
10000000
10000000
10000000
10000000
10000000
10000000
10000000
10000000
10000000
10000000
10000000
10000000
10000000
10000000
10000000
10000000
10000000
10000000
10000000
10000000
10000000
10000000
10000000
10000000
10000000
10000000
10000000
10000000
10000000
10000000
10000000
10000000
10000000
10000000
10000000
10000000
10000000
10000000
10000000
10000000
10000000
10000000
10000000
10000000
10000000
10000000
10000000
10000000
10000000
10000000
10000000
10000000
10000000
10000000
10000000
10000000
10000000
10000000
10000000
10000000
10000000
10000000
10000000
10000000
10000000
10000000
10000000
10000000
10000000
10000000
10000000
10000000
10000000
10000000
10000000
10000000
10000000
10000000
780
10000000
10000000
10000000
10000000
10000000
10000000
10000000
10000000
10000000
10000000
10000000
10000000
10000000
10000000
10000000
10000000
10000000
10000000
10000000
10000000
10000000
10000000
10000000
10000000
10000000
10000000
10000000
10000000
10000000
10000000
762
851
10000000
10000000
10000000
10000000
10000000
10000000
10000000
10000000
10000000
10000000
10000000
10000000
10000000
10000000
10000000
10000000
10000000
10000000
10000000
10000000
10000000
10000000
10000000
10000000
10000000
10000000
10000000
10000000
10000000
827
870
1011
10000000
10000000
10000000
10000000
10000000
10000000
10000000
10000000
10000000
10000000
10000000
10000000
10000000
10000000
10000000
10000000
10000000
10000000
10000000
10000000
10000000
10000000
10000000
10000000
10000000
10000000
10000000
10000000
797
847
1021
1097
10000000
10000000
10000000
10000000
10000000
10000000
10000000
10000000
10000000
10000000
10000000
10000000
10000000
10000000
10000000
10000000
10000000
10000000
10000000
10000000
10000000
10000000
10000000
10000000
10000000
10000000
10000000
773
925
1035
1122
1195
10000000
10000000
10000000
10000000
10000000
10000000
10000000
10000000
10000000
10000000
10000000
10000000
10000000
10000000
10000000
10000000
10000000
10000000
10000000
10000000
10000000
10000000
10000000
10000000
10000000
10000000
776
856
1015
1119
1158
1285
10000000
10000000
10000000
10000000
10000000
10000000
10000000
10000000
10000000
10000000
10000000
10000000
10000000
10000000
10000000
10000000
10000000
10000000
10000000
10000000
10000000
10000000
10000000
10000000
10000000
795
901
1054
1085
1176
1262
1414
10000000
10000000
10000000
10000000
10000000
10000000
10000000
10000000
10000000
10000000
10000000
10000000
10000000
10000000
10000000
10000000
10000000
10000000
10000000
10000000
10000000
10000000
10000000
10000000
776
874
1061
1106
1166
1261
1411
1570
10000000
10000000
10000000
10000000
10000000
10000000
10000000
10000000
10000000
10000000
10000000
10000000
10000000
10000000
10000000
10000000
10000000
10000000
10000000
10000000
10000000
10000000
10000000
817
908
1075
1127
1178
1269
1442
1555
1768
10000000
10000000
10000000
10000000
10000000
10000000
10000000
10000000
10000000
10000000
10000000
10000000
10000000
10000000
10000000
10000000
10000000
10000000
10000000
10000000
10000000
10000000
801
884
1061
1106
1174
1268
1417
1565
1766
1936
10000000
10000000
10000000
10000000
10000000
10000000
10000000
10000000
10000000
10000000
10000000
10000000
10000000
10000000
10000000
10000000
10000000
10000000
10000000
10000000
10000000
818
856
1005
1141
1164
1256
1424
1557
1747
1914
2215
10000000
10000000
10000000
10000000
10000000
10000000
10000000
10000000
10000000
10000000
10000000
10000000
10000000
10000000
10000000
10000000
10000000
10000000
10000000
10000000
816
1006
987
1097
1195
1281
1415
1567
1752
1911
2217
2338
10000000
10000000
10000000
10000000
10000000
10000000
10000000
10000000
10000000
10000000
10000000
10000000
10000000
10000000
10000000
10000000
10000000
10000000
10000000
823
907
1064
1097
1176
1277
1426
1554
1743
1897
2244
2344
2447
10000000
10000000
10000000
10000000
10000000
10000000
10000000
10000000
10000000
10000000
10000000
10000000
10000000
10000000
10000000
10000000
10000000
10000000
834
906
999
1085
1163
1249
1382
1564
1735
1925
2217
2350
2470
2567
10000000
10000000
10000000
10000000
10000000
10000000
10000000
10000000
10000000
10000000
10000000
10000000
10000000
10000000
10000000
10000000
10000000
785
875
1042
1098
1168
1302
1411
1580
1719
1902
2220
2298
2470
2558
2861
10000000
10000000
10000000
10000000
10000000
10000000
10000000
10000000
10000000
10000000
10000000
10000000
10000000
10000000
10000000
10000000
839
909
996
1082
1177
1283
1404
1575
1720
1889
2225
2331
2428
2581
2804
2955
10000000
10000000
10000000
10000000
10000000
10000000
10000000
10000000
10000000
10000000
10000000
10000000
10000000
10000000
10000000
802
918
1033
1112
1179
1240
1398
1579
1724
1896
2182
2341
2421
2595
2821
2950
3073
10000000
10000000
10000000
10000000
10000000
10000000
10000000
10000000
10000000
10000000
10000000
10000000
10000000
10000000
752
852
1031
1120
1185
1251
1423
1566
1707
1920
2192
2329
2402
2543
2792
3000
3126
3321
10000000
10000000
10000000
10000000
10000000
10000000
10000000
10000000
10000000
10000000
10000000
10000000
10000000
817
887
1042
1108
1202
1264
1423
1583
1724
1936
2211
2321
2453
2587
2831
3018
3152
3231
3394
10000000
10000000
10000000
10000000
10000000
10000000
10000000
10000000
10000000
10000000
10000000
10000000
775
896
1063
1106
1169
1261
1428
1554
1740
1898
2181
2323
2407
2578
2809
2978
3077
3206
3309
3626
10000000
10000000
10000000
10000000
10000000
10000000
10000000
10000000
10000000
10000000
10000000
772
861
1016
1095
1145
1265
1429
1546
1728
1891
2190
2327
2414
2568
2780
2939
3091
3210
3368
3657
3953
10000000
10000000
10000000
10000000
10000000
10000000
10000000
10000000
10000000
10000000
799
936
1018
1121
1176
1250
1423
1584
1721
1895
2198
2336
2412
2581
2785
2986
3109
3176
3323
3614
3863
4348
10000000
10000000
10000000
10000000
10000000
10000000
10000000
10000000
10000000
823
993
1003
1089
1162
1280
1418
1588
1743
1920
2188
2299
2467
2551
2774
2951
3097
3169
3345
3605
3849
4315
4618
10000000
10000000
10000000
10000000
10000000
10000000
10000000
10000000
809
869
1074
1089
1167
1272
1435
1614
1768
1930
2230
2333
2453
2609
2780
3001
3109
3204
3382
3629
3891
4348
4580
4883
10000000
10000000
10000000
10000000
10000000
10000000
10000000
794
912
1024
1115
1186
1262
1430
1585
1750
1905
2222
2331
2446
2582
2801
2996
3099
3227
3373
3655
3905
4371
4599
4857
5028
10000000
10000000
10000000
10000000
10000000
10000000
795
865
1036
1083
1166
1278
1432
1572
1761
1930
2255
2359
2465
2595
2793
2999
3094
3196
3370
3618
3901
4284
4632
4883
4949
5108
10000000
10000000
10000000
10000000
10000000
793
893
1027
1129
1190
1260
1423
1582
1761
1949
2249
2389
2473
2590
2807
2987
3118
3217
3395
3688
3922
4329
4588
4795
4938
5121
5235
10000000
10000000
10000000
10000000
802
845
1012
1122
1173
1274
1470
1581
1766
1916
2257
2342
2453
2575
2811
2986
3116
3200
3364
3644
3923
4356
4581
4775
4921
5099
5204
5323