10000000
10000000
10000000
10000000
10000000
10000000
10000000
10000000
10000000
10000000
10000000
10000000
10000000
10000000
10000000
10000000
10000000
10000000
10000000
10000000
10000000
10000000
10000000
10000000
10000000
10000000
10000000
10000000
10000000
10000000
10000000
10000000
10000000
10000000
10000000
10000000
10000000
10000000
10000000
10000000
10000000
10000000
10000000
10000000
10000000
10000000
10000000
10000000
10000000
10000000
10000000
10000000
10000000
10000000
10000000
10000000
10000000
10000000
10000000
10000000
10000000
10000000
10000000
10000000
10000000
10000000
10000000
10000000
10000000
10000000
10000000
10000000
10000000
10000000
10000000
10000000
10000000
10000000
10000000
10000000
10000000
10000000
10000000
10000000
10000000
10000000
10000000
10000000
10000000
10000000
10000000
10000000
10000000
10000000
10000000
10000000
10000000
10000000
10000000
10000000
10000000
10000000
10000000
10000000
10000000
10000000
10000000
10000000
10000000
10000000
10000000
10000000
10000000
10000000
10000000
10000000
10000000
10000000
10000000
10000000
10000000
10000000
10000000
10000000
10000000
10000000
10000000
10000000
10000000
10000000
10000000
10000000
10000000
10000000
10000000
10000000
10000000
10000000
10000000
10000000
10000000
10000000
10000000
10000000
10000000
10000000
10000000
10000000
10000000
10000000
10000000
10000000
10000000
10000000
10000000
10000000
10000000
10000000
10000000
10000000
10000000
10000000
10000000
10000000
10000000
10000000
10000000
10000000
10000000
10000000
10000000
10000000
10000000
10000000
10000000
10000000
10000000
10000000
10000000
10000000
10000000
10000000
10000000
10000000
10000000
10000000
10000000
10000000
10000000
10000000
10000000
10000000
3286
10000000
10000000
10000000
10000000
10000000
10000000
10000000
10000000
10000000
10000000
10000000
10000000
10000000
10000000
10000000
10000000
10000000
10000000
10000000
10000000
10000000
10000000
10000000
10000000
10000000
10000000
10000000
10000000
10000000
10000000
3256
3684
10000000
10000000
10000000
10000000
10000000
10000000
10000000
10000000
10000000
10000000
10000000
10000000
10000000
10000000
10000000
10000000
10000000
10000000
10000000
10000000
10000000
10000000
10000000
10000000
10000000
10000000
10000000
10000000
10000000
3237
3662
4072
10000000
10000000
10000000
10000000
10000000
10000000
10000000
10000000
10000000
10000000
10000000
10000000
10000000
10000000
10000000
10000000
10000000
10000000
10000000
10000000
10000000
10000000
10000000
10000000
10000000
10000000
10000000
10000000
3269
3709
4075
4521
10000000
10000000
10000000
10000000
10000000
10000000
10000000
10000000
10000000
10000000
10000000
10000000
10000000
10000000
10000000
10000000
10000000
10000000
10000000
10000000
10000000
10000000
10000000
10000000
10000000
10000000
10000000
3239
3654
4188
4549
5034
10000000
10000000
10000000
10000000
10000000
10000000
10000000
10000000
10000000
10000000
10000000
10000000
10000000
10000000
10000000
10000000
10000000
10000000
10000000
10000000
10000000
10000000
10000000
10000000
10000000
10000000
3268
3690
4208
4566
5037
5640
10000000
10000000
10000000
10000000
10000000
10000000
10000000
10000000
10000000
10000000
10000000
10000000
10000000
10000000
10000000
10000000
10000000
10000000
10000000
10000000
10000000
10000000
10000000
10000000
10000000
3247
3704
4233
4592
5087
5664
6346
10000000
10000000
10000000
10000000
10000000
10000000
10000000
10000000
10000000
10000000
10000000
10000000
10000000
10000000
10000000
10000000
10000000
10000000
10000000
10000000
10000000
10000000
10000000
10000000
3240
3728
4142
4562
5008
5633
6374
7259
10000000
10000000
10000000
10000000
10000000
10000000
10000000
10000000
10000000
10000000
10000000
10000000
10000000
10000000
10000000
10000000
10000000
10000000
10000000
10000000
10000000
10000000
10000000
3250
3696
4220
4539
5024
5657
6408
7251
7759
10000000
10000000
10000000
10000000
10000000
10000000
10000000
10000000
10000000
10000000
10000000
10000000
10000000
10000000
10000000
10000000
10000000
10000000
10000000
10000000
10000000
10000000
3250
3711
4221
4576
5042
5671
6383
7264
7802
8583
10000000
10000000
10000000
10000000
10000000
10000000
10000000
10000000
10000000
10000000
10000000
10000000
10000000
10000000
10000000
10000000
10000000
10000000
10000000
10000000
10000000
3294
3688
4237
4631
5072
5751
6462
7352
7858
8615
9378
10000000
10000000
10000000
10000000
10000000
10000000
10000000
10000000
10000000
10000000
10000000
10000000
10000000
10000000
10000000
10000000
10000000
10000000
10000000
10000000
3341
3772
4240
4609
5079
5728
6481
7336
7856
8718
9212
9691
10000000
10000000
10000000
10000000
10000000
10000000
10000000
10000000
10000000
10000000
10000000
10000000
10000000
10000000
10000000
10000000
10000000
10000000
10000000
3211
3653
4092
4597
5009
5734
6394
7250
7893
8571
9182
9671
10209
10000000
10000000
10000000
10000000
10000000
10000000
10000000
10000000
10000000
10000000
10000000
10000000
10000000
10000000
10000000
10000000
10000000
10000000
3276
3738
4109
4592
5033
5701
6421
7263
7811
8690
9334
9825
10304
10927
10000000
10000000
10000000
10000000
10000000
10000000
10000000
10000000
10000000
10000000
10000000
10000000
10000000
10000000
10000000
10000000
10000000
3254
3679
4137
4586
5030
5736
6454
7346
7870
8661
9279
9901
10268
10903
11491
10000000
10000000
10000000
10000000
10000000
10000000
10000000
10000000
10000000
10000000
10000000
10000000
10000000
10000000
10000000
10000000
3282
3765
4109
4585
5097
5691
6370
7315
7823
8616
9273
9776
10159
10822
11348
11846
10000000
10000000
10000000
10000000
10000000
10000000
10000000
10000000
10000000
10000000
10000000
10000000
10000000
10000000
10000000
3264
3854
4219
4549
5032
5679
6409
7265
7765
8563
9310
9776
10253
10821
11322
11850
12354
10000000
10000000
10000000
10000000
10000000
10000000
10000000
10000000
10000000
10000000
10000000
10000000
10000000
10000000
3258
3813
4198
4603
5066
5664
6393
7327
7813
8587
9238
9690
10199
10901
11309
11825
12332
13113
10000000
10000000
10000000
10000000
10000000
10000000
10000000
10000000
10000000
10000000
10000000
10000000
10000000
3256
3678
4195
4572
5011
5659
6356
7238
7742
8545
9318
9707
10356
10750
11297
11902
12419
13060
14134
10000000
10000000
10000000
10000000
10000000
10000000
10000000
10000000
10000000
10000000
10000000
10000000
3278
3679
4161
4558
5067
5663
6391
7278
7774
8533
9201
9725
10239
10879
11362
11896
12403
13163
14195
14815
10000000
10000000
10000000
10000000
10000000
10000000
10000000
10000000
10000000
10000000
10000000
3273
3769
4275
4667
5095
5762
6384
7284
7862
8697
9310
9805
10274
10887
11423
11825
12344
12958
14104
14832
16030
10000000
10000000
10000000
10000000
10000000
10000000
10000000
10000000
10000000
10000000
3290
3687
4142
4639
5096
5707
6363
7273
7773
8708
9269
9846
10289
10921
11431
11987
12313
13138
14312
14807
15872
16907
10000000
10000000
10000000
10000000
10000000
10000000
10000000
10000000
10000000
3295
3806
4152
4595
5056
5682
6384
7325
7816
8606
9308
9830
10280
10845
11351
11859
12377
13032
13981
14740
16014
16850
17496
10000000
10000000
10000000
10000000
10000000
10000000
10000000
10000000
3268
3691
4139
4544
5011
5644
6374
7273
7745
8582
9203
9746
10177
10808
11396
11880
12402
13138
14136
14792
16007
16867
17471
18138
10000000
10000000
10000000
10000000
10000000
10000000
10000000
3266
3725
4161
4565
5072
5686
6378
7310
7753
8611
9268
9692
10248
10903
11373
11862
12425
12994
14092
14873
15849
16830
17354
18040
18407