10000000
10000000
10000000
10000000
10000000
10000000
10000000
10000000
10000000
10000000
10000000
10000000
10000000
10000000
10000000
10000000
10000000
10000000
10000000
10000000
10000000
10000000
10000000
10000000
10000000
10000000
10000000
10000000
10000000
10000000
10000000
10000000
10000000
10000000
10000000
10000000
10000000
10000000
10000000
10000000
10000000
10000000
10000000
10000000
10000000
10000000
10000000
10000000
10000000
10000000
10000000
10000000
10000000
10000000
10000000
10000000
10000000
10000000
10000000
10000000
10000000
10000000
10000000
10000000
10000000
10000000
10000000
10000000
10000000
10000000
10000000
10000000
10000000
10000000
10000000
10000000
10000000
10000000
10000000
10000000
10000000
10000000
10000000
10000000
10000000
10000000
10000000
10000000
10000000
10000000
10000000
10000000
10000000
10000000
10000000
10000000
10000000
10000000
10000000
10000000
10000000
10000000
10000000
10000000
10000000
10000000
10000000
10000000
10000000
10000000
10000000
10000000
10000000
10000000
10000000
10000000
10000000
10000000
10000000
10000000
10000000
10000000
10000000
10000000
10000000
10000000
10000000
10000000
10000000
10000000
10000000
10000000
10000000
10000000
10000000
10000000
10000000
10000000
10000000
10000000
10000000
10000000
10000000
10000000
10000000
10000000
10000000
10000000
10000000
10000000
10000000
10000000
10000000
10000000
10000000
10000000
10000000
10000000
10000000
10000000
10000000
10000000
10000000
10000000
10000000
10000000
10000000
10000000
10000000
10000000
10000000
10000000
10000000
10000000
10000000
10000000
10000000
10000000
10000000
10000000
10000000
10000000
10000000
10000000
10000000
10000000
10000000
10000000
10000000
10000000
10000000
10000000
3400
10000000
10000000
10000000
10000000
10000000
10000000
10000000
10000000
10000000
10000000
10000000
10000000
10000000
10000000
10000000
10000000
10000000
10000000
10000000
10000000
10000000
10000000
10000000
10000000
10000000
10000000
10000000
10000000
10000000
10000000
3247
3663
10000000
10000000
10000000
10000000
10000000
10000000
10000000
10000000
10000000
10000000
10000000
10000000
10000000
10000000
10000000
10000000
10000000
10000000
10000000
10000000
10000000
10000000
10000000
10000000
10000000
10000000
10000000
10000000
10000000
3258
3739
4202
10000000
10000000
10000000
10000000
10000000
10000000
10000000
10000000
10000000
10000000
10000000
10000000
10000000
10000000
10000000
10000000
10000000
10000000
10000000
10000000
10000000
10000000
10000000
10000000
10000000
10000000
10000000
10000000
3239
3702
4196
4549
10000000
10000000
10000000
10000000
10000000
10000000
10000000
10000000
10000000
10000000
10000000
10000000
10000000
10000000
10000000
10000000
10000000
10000000
10000000
10000000
10000000
10000000
10000000
10000000
10000000
10000000
10000000
3248
3691
4097
4576
5128
10000000
10000000
10000000
10000000
10000000
10000000
10000000
10000000
10000000
10000000
10000000
10000000
10000000
10000000
10000000
10000000
10000000
10000000
10000000
10000000
10000000
10000000
10000000
10000000
10000000
10000000
3274
3672
4140
4557
4997
5661
10000000
10000000
10000000
10000000
10000000
10000000
10000000
10000000
10000000
10000000
10000000
10000000
10000000
10000000
10000000
10000000
10000000
10000000
10000000
10000000
10000000
10000000
10000000
10000000
10000000
3258
3730
4153
4572
5035
5704
6414
10000000
10000000
10000000
10000000
10000000
10000000
10000000
10000000
10000000
10000000
10000000
10000000
10000000
10000000
10000000
10000000
10000000
10000000
10000000
10000000
10000000
10000000
10000000
10000000
3266
3689
4192
4502
4967
5610
6346
7214
10000000
10000000
10000000
10000000
10000000
10000000
10000000
10000000
10000000
10000000
10000000
10000000
10000000
10000000
10000000
10000000
10000000
10000000
10000000
10000000
10000000
10000000
10000000
3227
3686
4128
4512
4972
5602
6277
7156
7701
10000000
10000000
10000000
10000000
10000000
10000000
10000000
10000000
10000000
10000000
10000000
10000000
10000000
10000000
10000000
10000000
10000000
10000000
10000000
10000000
10000000
10000000
3376
3566
4125
4516
4974
5611
6269
7185
7615
8485
10000000
10000000
10000000
10000000
10000000
10000000
10000000
10000000
10000000
10000000
10000000
10000000
10000000
10000000
10000000
10000000
10000000
10000000
10000000
10000000
10000000
3240
3651
4126
4535
5015
5635
6347
7189
7786
8583
9370
10000000
10000000
10000000
10000000
10000000
10000000
10000000
10000000
10000000
10000000
10000000
10000000
10000000
10000000
10000000
10000000
10000000
10000000
10000000
10000000
3286
3777
4246
4617
5093
5698
6403
7297
7781
8606
9374
9862
10000000
10000000
10000000
10000000
10000000
10000000
10000000
10000000
10000000
10000000
10000000
10000000
10000000
10000000
10000000
10000000
10000000
10000000
10000000
3260
3695
4237
4615
5068
5711
6421
7386
7849
8705
9329
9819
10266
10000000
10000000
10000000
10000000
10000000
10000000
10000000
10000000
10000000
10000000
10000000
10000000
10000000
10000000
10000000
10000000
10000000
10000000
3287
3761
4275
4578
5027
5694
6429
7323
7821
8716
9368
9851
10330
10978
10000000
10000000
10000000
10000000
10000000
10000000
10000000
10000000
10000000
10000000
10000000
10000000
10000000
10000000
10000000
10000000
10000000
3318
3770
4225
4654
5115
5764
6459
7256
7724
8529
9221
9717
10280
10828
11420
10000000
10000000
10000000
10000000
10000000
10000000
10000000
10000000
10000000
10000000
10000000
10000000
10000000
10000000
10000000
10000000
3272
3722
4231
4587
5061
5637
6374
7275
7786
8703
9329
9828
10303
11058
11426
11983
10000000
10000000
10000000
10000000
10000000
10000000
10000000
10000000
10000000
10000000
10000000
10000000
10000000
10000000
10000000
3287
3852
4154
4575
5051
5679
6404
7300
7809
8630
9261
9705
10248
10855
11547
11939
12350
10000000
10000000
10000000
10000000
10000000
10000000
10000000
10000000
10000000
10000000
10000000
10000000
10000000
10000000
3271
3753
4196
4557
5045
5628
6429
7316
7771
8533
9209
9797
10183
11050
11409
11866
12414
13231
10000000
10000000
10000000
10000000
10000000
10000000
10000000
10000000
10000000
10000000
10000000
10000000
10000000
3249
3706
4174
4543
5003
5661
6373
7296
7819
8597
9371
9780
10275
10944
11448
12017
12496
13254
14276
10000000
10000000
10000000
10000000
10000000
10000000
10000000
10000000
10000000
10000000
10000000
10000000
3251
3706
4213
4581
5022
5664
6392
7300
7747
8588
9324
9840
10368
10878
11459
12009
12445
13197
14204
14998
10000000
10000000
10000000
10000000
10000000
10000000
10000000
10000000
10000000
10000000
10000000
3275
3720
4236
4611
5059
5708
6347
7263
7765
8592
9246
9683
10249
10837
11341
11817
12378
13075
14171
14765
15926
10000000
10000000
10000000
10000000
10000000
10000000
10000000
10000000
10000000
10000000
3272
3698
4197
4578
5064
5749
6432
7357
7885
8720
9330
9823
10385
10871
11569
11912
12533
13282
14189
14682
15636
16954
10000000
10000000
10000000
10000000
10000000
10000000
10000000
10000000
10000000
3243
3693
4102
4539
5022
5682
6387
7269
7827
8612
9295
9778
10280
10890
11442
11850
12332
13151
14196
14732
15788
16890
17601
10000000
10000000
10000000
10000000
10000000
10000000
10000000
10000000
3260
3740
4177
4554
5069
5710
6450
7345
7864
8603
9171
9690
10209
10773
11281
11678
12348
13097
14103
14823
15996
16890
17587
18086
10000000
10000000
10000000
10000000
10000000
10000000
10000000
3256
3678
4210
4585
5041
5688
6381
7303
7804
8570
9240
9756
10299
10967
11520
11816
12320
13053
14210
14726
15825
16835
17596
18124
18393