10000000
10000000
10000000
10000000
10000000
10000000
10000000
10000000
10000000
10000000
10000000
10000000
10000000
10000000
10000000
10000000
10000000
10000000
10000000
10000000
10000000
10000000
10000000
10000000
10000000
10000000
10000000
10000000
10000000
10000000
10000000
10000000
10000000
10000000
10000000
10000000
10000000
10000000
10000000
10000000
10000000
10000000
10000000
10000000
10000000
10000000
10000000
10000000
10000000
10000000
10000000
10000000
10000000
10000000
10000000
10000000
10000000
10000000
10000000
10000000
10000000
10000000
10000000
10000000
10000000
10000000
10000000
10000000
10000000
10000000
10000000
10000000
10000000
10000000
10000000
10000000
10000000
10000000
10000000
10000000
10000000
10000000
10000000
10000000
10000000
10000000
10000000
10000000
10000000
10000000
10000000
10000000
10000000
10000000
10000000
10000000
10000000
10000000
10000000
10000000
10000000
10000000
10000000
10000000
10000000
10000000
10000000
10000000
10000000
10000000
10000000
10000000
10000000
10000000
10000000
10000000
10000000
10000000
10000000
10000000
10000000
10000000
10000000
10000000
10000000
10000000
10000000
10000000
10000000
10000000
10000000
10000000
10000000
10000000
10000000
10000000
10000000
10000000
10000000
10000000
10000000
10000000
10000000
10000000
10000000
10000000
10000000
10000000
10000000
10000000
10000000
10000000
10000000
10000000
10000000
10000000
10000000
10000000
10000000
10000000
10000000
10000000
10000000
10000000
10000000
10000000
10000000
10000000
10000000
10000000
10000000
10000000
10000000
10000000
10000000
10000000
10000000
10000000
10000000
10000000
10000000
10000000
10000000
10000000
10000000
10000000
10000000
10000000
10000000
10000000
10000000
10000000
3303
10000000
10000000
10000000
10000000
10000000
10000000
10000000
10000000
10000000
10000000
10000000
10000000
10000000
10000000
10000000
10000000
10000000
10000000
10000000
10000000
10000000
10000000
10000000
10000000
10000000
10000000
10000000
10000000
10000000
10000000
3346
3737
10000000
10000000
10000000
10000000
10000000
10000000
10000000
10000000
10000000
10000000
10000000
10000000
10000000
10000000
10000000
10000000
10000000
10000000
10000000
10000000
10000000
10000000
10000000
10000000
10000000
10000000
10000000
10000000
10000000
3256
3707
4118
10000000
10000000
10000000
10000000
10000000
10000000
10000000
10000000
10000000
10000000
10000000
10000000
10000000
10000000
10000000
10000000
10000000
10000000
10000000
10000000
10000000
10000000
10000000
10000000
10000000
10000000
10000000
10000000
3252
3739
4198
4529
10000000
10000000
10000000
10000000
10000000
10000000
10000000
10000000
10000000
10000000
10000000
10000000
10000000
10000000
10000000
10000000
10000000
10000000
10000000
10000000
10000000
10000000
10000000
10000000
10000000
10000000
10000000
3282
3733
4232
4592
5080
10000000
10000000
10000000
10000000
10000000
10000000
10000000
10000000
10000000
10000000
10000000
10000000
10000000
10000000
10000000
10000000
10000000
10000000
10000000
10000000
10000000
10000000
10000000
10000000
10000000
10000000
3308
3706
4231
4607
5079
5797
10000000
10000000
10000000
10000000
10000000
10000000
10000000
10000000
10000000
10000000
10000000
10000000
10000000
10000000
10000000
10000000
10000000
10000000
10000000
10000000
10000000
10000000
10000000
10000000
10000000
3284
3775
4237
4602
5093
5740
6478
10000000
10000000
10000000
10000000
10000000
10000000
10000000
10000000
10000000
10000000
10000000
10000000
10000000
10000000
10000000
10000000
10000000
10000000
10000000
10000000
10000000
10000000
10000000
10000000
3266
3752
4160
4570
5055
5691
6433
7381
10000000
10000000
10000000
10000000
10000000
10000000
10000000
10000000
10000000
10000000
10000000
10000000
10000000
10000000
10000000
10000000
10000000
10000000
10000000
10000000
10000000
10000000
10000000
3258
3737
4201
4578
5114
5708
6421
7331
7865
10000000
10000000
10000000
10000000
10000000
10000000
10000000
10000000
10000000
10000000
10000000
10000000
10000000
10000000
10000000
10000000
10000000
10000000
10000000
10000000
10000000
10000000
3296
3704
4186
4625
5072
5739
6437
7372
7872
8766
10000000
10000000
10000000
10000000
10000000
10000000
10000000
10000000
10000000
10000000
10000000
10000000
10000000
10000000
10000000
10000000
10000000
10000000
10000000
10000000
10000000
3285
3688
4158
4599
5022
5679
6445
7273
7825
8683
9288
10000000
10000000
10000000
10000000
10000000
10000000
10000000
10000000
10000000
10000000
10000000
10000000
10000000
10000000
10000000
10000000
10000000
10000000
10000000
10000000
3267
3684
4224
4631
5096
5758
6475
7397
7911
8682
9289
9832
10000000
10000000
10000000
10000000
10000000
10000000
10000000
10000000
10000000
10000000
10000000
10000000
10000000
10000000
10000000
10000000
10000000
10000000
10000000
3347
3740
4136
4599
5048
5722
6388
7312
7836
8665
9309
9782
10349
10000000
10000000
10000000
10000000
10000000
10000000
10000000
10000000
10000000
10000000
10000000
10000000
10000000
10000000
10000000
10000000
10000000
10000000
3268
3691
4191
4619
5040
5653
6413
7274
7811
8682
9269
9740
10203
10859
10000000
10000000
10000000
10000000
10000000
10000000
10000000
10000000
10000000
10000000
10000000
10000000
10000000
10000000
10000000
10000000
10000000
3247
3739
4158
4625
5128
5688
6444
7325
7822
8686
9423
9902
10283
11020
11480
10000000
10000000
10000000
10000000
10000000
10000000
10000000
10000000
10000000
10000000
10000000
10000000
10000000
10000000
10000000
10000000
3279
3779
4250
4633
5121
5762
6483
7387
7895
8681
9344
9951
10380
11021
11586
12053
10000000
10000000
10000000
10000000
10000000
10000000
10000000
10000000
10000000
10000000
10000000
10000000
10000000
10000000
10000000
3343
3883
4321
4622
5146
5760
6420
7241
7664
8561
9262
9755
10294
10938
11432
12029
12541
10000000
10000000
10000000
10000000
10000000
10000000
10000000
10000000
10000000
10000000
10000000
10000000
10000000
10000000
3277
3666
4112
4554
5054
5690
6393
7337
7873
8607
9309
9772
10355
10986
11560
12015
12417
13213
10000000
10000000
10000000
10000000
10000000
10000000
10000000
10000000
10000000
10000000
10000000
10000000
10000000
3253
3928
4275
4613
5058
5675
6388
7287
7822
8623
9292
9839
10315
10924
11430
11881
12495
13189
14319
10000000
10000000
10000000
10000000
10000000
10000000
10000000
10000000
10000000
10000000
10000000
10000000
3258
3716
4164
4573
5061
5693
6394
7307
7816
8625
9252
9807
10412
10975
11461
12042
12468
13331
14333
14935
10000000
10000000
10000000
10000000
10000000
10000000
10000000
10000000
10000000
10000000
10000000
3279
3699
4238
4574
5047
5720
6371
7274
7781
8556
9327
9853
10432
10965
11605
11912
12590
13247
14240
14863
16096
10000000
10000000
10000000
10000000
10000000
10000000
10000000
10000000
10000000
10000000
3270
3679
4223
4602
5055
5689
6392
7326
7908
8624
9284
9780
10296
10908
11450
11919
12369
13164
14254
14897
15956
17018
10000000
10000000
10000000
10000000
10000000
10000000
10000000
10000000
10000000
3497
3755
4256
4615
5047
5727
6458
7277
7785
8626
9325
9794
10297
10955
11539
12023
12479
13274
14305
15083
16041
16791
17354
10000000
10000000
10000000
10000000
10000000
10000000
10000000
10000000
3295
3912
4254
4597
5047
5660
6357
7269
7752
8548
9231
9809
10325
10979
11509
11944
12493
13278
14275
14898
16038
16915
17475
18124
10000000
10000000
10000000
10000000
10000000
10000000
10000000
3382
3762
4193
4546
5003
5669
6386
7239
7783
8752
9226
9688
10281
10965
11511
12023
12540
13238
14219
15019
15878
16863
17495
18147
18467