10000000
10000000
10000000
10000000
10000000
10000000
10000000
10000000
10000000
10000000
10000000
10000000
10000000
10000000
10000000
10000000
10000000
10000000
10000000
10000000
10000000
10000000
10000000
10000000
10000000
10000000
10000000
10000000
10000000
10000000
10000000
10000000
10000000
10000000
10000000
10000000
10000000
10000000
10000000
10000000
10000000
10000000
10000000
10000000
10000000
10000000
10000000
10000000
10000000
10000000
10000000
10000000
10000000
10000000
10000000
10000000
10000000
10000000
10000000
10000000
10000000
10000000
10000000
10000000
10000000
10000000
10000000
10000000
10000000
10000000
10000000
10000000
10000000
10000000
10000000
10000000
10000000
10000000
10000000
10000000
10000000
10000000
10000000
10000000
10000000
10000000
10000000
10000000
10000000
10000000
10000000
10000000
10000000
10000000
10000000
10000000
10000000
10000000
10000000
10000000
10000000
10000000
10000000
10000000
10000000
10000000
10000000
10000000
10000000
10000000
10000000
10000000
10000000
10000000
10000000
10000000
10000000
10000000
10000000
10000000
10000000
10000000
10000000
10000000
10000000
10000000
10000000
10000000
10000000
10000000
10000000
10000000
10000000
10000000
10000000
10000000
10000000
10000000
10000000
10000000
10000000
10000000
10000000
10000000
10000000
10000000
10000000
10000000
10000000
10000000
10000000
10000000
10000000
10000000
10000000
10000000
10000000
10000000
10000000
10000000
10000000
10000000
10000000
10000000
10000000
10000000
10000000
10000000
10000000
10000000
10000000
10000000
10000000
10000000
10000000
10000000
10000000
10000000
10000000
10000000
10000000
10000000
10000000
10000000
10000000
10000000
10000000
10000000
10000000
10000000
10000000
10000000
3885
10000000
10000000
10000000
10000000
10000000
10000000
10000000
10000000
10000000
10000000
10000000
10000000
10000000
10000000
10000000
10000000
10000000
10000000
10000000
10000000
10000000
10000000
10000000
10000000
10000000
10000000
10000000
10000000
10000000
10000000
3824
4263
10000000
10000000
10000000
10000000
10000000
10000000
10000000
10000000
10000000
10000000
10000000
10000000
10000000
10000000
10000000
10000000
10000000
10000000
10000000
10000000
10000000
10000000
10000000
10000000
10000000
10000000
10000000
10000000
10000000
3825
4395
4832
10000000
10000000
10000000
10000000
10000000
10000000
10000000
10000000
10000000
10000000
10000000
10000000
10000000
10000000
10000000
10000000
10000000
10000000
10000000
10000000
10000000
10000000
10000000
10000000
10000000
10000000
10000000
10000000
3849
4388
4814
5234
10000000
10000000
10000000
10000000
10000000
10000000
10000000
10000000
10000000
10000000
10000000
10000000
10000000
10000000
10000000
10000000
10000000
10000000
10000000
10000000
10000000
10000000
10000000
10000000
10000000
10000000
10000000
3923
4302
4811
5252
5770
10000000
10000000
10000000
10000000
10000000
10000000
10000000
10000000
10000000
10000000
10000000
10000000
10000000
10000000
10000000
10000000
10000000
10000000
10000000
10000000
10000000
10000000
10000000
10000000
10000000
10000000
3884
4228
4800
5309
5826
6478
10000000
10000000
10000000
10000000
10000000
10000000
10000000
10000000
10000000
10000000
10000000
10000000
10000000
10000000
10000000
10000000
10000000
10000000
10000000
10000000
10000000
10000000
10000000
10000000
10000000
3897
4204
4762
5214
5763
6479
7182
10000000
10000000
10000000
10000000
10000000
10000000
10000000
10000000
10000000
10000000
10000000
10000000
10000000
10000000
10000000
10000000
10000000
10000000
10000000
10000000
10000000
10000000
10000000
10000000
3929
4371
4908
5324
5800
6470
7172
7804
10000000
10000000
10000000
10000000
10000000
10000000
10000000
10000000
10000000
10000000
10000000
10000000
10000000
10000000
10000000
10000000
10000000
10000000
10000000
10000000
10000000
10000000
10000000
3953
4336
4882
5247
5786
6489
7167
7796
8850
10000000
10000000
10000000
10000000
10000000
10000000
10000000
10000000
10000000
10000000
10000000
10000000
10000000
10000000
10000000
10000000
10000000
10000000
10000000
10000000
10000000
10000000
3890
4326
4845
5283
5851
6505
7210
7770
8627
9511
10000000
10000000
10000000
10000000
10000000
10000000
10000000
10000000
10000000
10000000
10000000
10000000
10000000
10000000
10000000
10000000
10000000
10000000
10000000
10000000
10000000
3873
4308
4808
5217
5710
6402
7107
7679
8701
9583
10262
10000000
10000000
10000000
10000000
10000000
10000000
10000000
10000000
10000000
10000000
10000000
10000000
10000000
10000000
10000000
10000000
10000000
10000000
10000000
10000000
3778
4336
4714
5170
5744
6423
7199
7775
8758
9692
10368
10900
10000000
10000000
10000000
10000000
10000000
10000000
10000000
10000000
10000000
10000000
10000000
10000000
10000000
10000000
10000000
10000000
10000000
10000000
10000000
3920
4325
4802
5258
5788
6432
7199
7821
8780
9780
10379
10886
11574
10000000
10000000
10000000
10000000
10000000
10000000
10000000
10000000
10000000
10000000
10000000
10000000
10000000
10000000
10000000
10000000
10000000
10000000
3845
4230
4815
5289
5816
6512
7284
7836
8833
9735
10404
10957
11649
12286
10000000
10000000
10000000
10000000
10000000
10000000
10000000
10000000
10000000
10000000
10000000
10000000
10000000
10000000
10000000
10000000
10000000
3902
4255
4711
5174
5844
6522
7245
7841
8789
9687
10335
10902
11605
12332
12891
10000000
10000000
10000000
10000000
10000000
10000000
10000000
10000000
10000000
10000000
10000000
10000000
10000000
10000000
10000000
10000000
3883
4323
4732
5286
5750
6431
7191
7750
8768
9670
10434
10964
11597
12229
12833
13409
10000000
10000000
10000000
10000000
10000000
10000000
10000000
10000000
10000000
10000000
10000000
10000000
10000000
10000000
10000000
3927
4246
4782
5200
5758
6408
7165
7740
8783
9666
10405
10991
11630
12357
12860
13299
13811
10000000
10000000
10000000
10000000
10000000
10000000
10000000
10000000
10000000
10000000
10000000
10000000
10000000
10000000
3853
4338
4825
5223
5712
6370
7156
7769
8743
9732
10485
10941
11573
12227
12653
13364
13777
14614
10000000
10000000
10000000
10000000
10000000
10000000
10000000
10000000
10000000
10000000
10000000
10000000
10000000
3803
4215
4829
5231
5765
6397
7158
7716
8698
9614
10368
11001
11672
12271
12876
13413
14053
14803
15512
10000000
10000000
10000000
10000000
10000000
10000000
10000000
10000000
10000000
10000000
10000000
10000000
3908
4333
4853
5246
5747
6380
7159
7777
8815
9724
10425
10881
11550
12185
12875
13346
13891
14690
15309
16637
10000000
10000000
10000000
10000000
10000000
10000000
10000000
10000000
10000000
10000000
10000000
3814
4221
4764
5174
5734
6427
7117
7692
8611
9573
10238
10826
11483
12168
12847
13367
13919
14585
15238
16501
17812
10000000
10000000
10000000
10000000
10000000
10000000
10000000
10000000
10000000
10000000
3904
4311
4758
5206
5708
6384
7130
7687
8646
9555
10313
10913
11542
12234
12737
13259
13771
14702
15187
16476
17709
18997
10000000
10000000
10000000
10000000
10000000
10000000
10000000
10000000
10000000
3847
4263
4722
5229
5706
6404
7110
7687
8764
9586
10269
10850
11623
12237
12827
13415
13923
14795
15188
16668
18141
18785
19649
10000000
10000000
10000000
10000000
10000000
10000000
10000000
10000000
3814
4213
4769
5230
5819
6453
7201
7758
8824
9649
10375
11038
11530
12255
12891
13485
13898
14682
15398
16767
18019
19050
19692
20378
10000000
10000000
10000000
10000000
10000000
10000000
10000000
3891
4332
4861
5186
5685
6269
7113
7674
8679
9617
10335
10976
11661
12300
12782
13403
13921
14731
15322
16733
17957
18896
19741
20217
20632