10000000
10000000
10000000
10000000
10000000
10000000
10000000
10000000
10000000
10000000
10000000
10000000
10000000
10000000
10000000
10000000
10000000
10000000
10000000
10000000
10000000
10000000
10000000
10000000
10000000
10000000
10000000
10000000
10000000
10000000
10000000
10000000
10000000
10000000
10000000
10000000
10000000
10000000
10000000
10000000
10000000
10000000
10000000
10000000
10000000
10000000
10000000
10000000
10000000
10000000
10000000
10000000
10000000
10000000
10000000
10000000
10000000
10000000
10000000
10000000
10000000
10000000
10000000
10000000
10000000
10000000
10000000
10000000
10000000
10000000
10000000
10000000
10000000
10000000
10000000
10000000
10000000
10000000
10000000
10000000
10000000
10000000
10000000
10000000
10000000
10000000
10000000
10000000
10000000
10000000
10000000
10000000
10000000
10000000
10000000
10000000
10000000
10000000
10000000
10000000
10000000
10000000
10000000
10000000
10000000
10000000
10000000
10000000
10000000
10000000
10000000
10000000
10000000
10000000
10000000
10000000
10000000
10000000
10000000
10000000
10000000
10000000
10000000
10000000
10000000
10000000
10000000
10000000
10000000
10000000
10000000
10000000
10000000
10000000
10000000
10000000
10000000
10000000
10000000
10000000
10000000
10000000
10000000
10000000
10000000
10000000
10000000
10000000
10000000
10000000
10000000
10000000
10000000
10000000
10000000
10000000
10000000
10000000
10000000
10000000
10000000
10000000
10000000
10000000
10000000
10000000
10000000
10000000
10000000
10000000
10000000
10000000
10000000
10000000
10000000
10000000
10000000
10000000
10000000
10000000
10000000
10000000
10000000
10000000
10000000
10000000
10000000
10000000
10000000
10000000
10000000
10000000
3930
10000000
10000000
10000000
10000000
10000000
10000000
10000000
10000000
10000000
10000000
10000000
10000000
10000000
10000000
10000000
10000000
10000000
10000000
10000000
10000000
10000000
10000000
10000000
10000000
10000000
10000000
10000000
10000000
10000000
10000000
3929
4279
10000000
10000000
10000000
10000000
10000000
10000000
10000000
10000000
10000000
10000000
10000000
10000000
10000000
10000000
10000000
10000000
10000000
10000000
10000000
10000000
10000000
10000000
10000000
10000000
10000000
10000000
10000000
10000000
10000000
3865
4302
4723
10000000
10000000
10000000
10000000
10000000
10000000
10000000
10000000
10000000
10000000
10000000
10000000
10000000
10000000
10000000
10000000
10000000
10000000
10000000
10000000
10000000
10000000
10000000
10000000
10000000
10000000
10000000
10000000
3854
4251
4729
5239
10000000
10000000
10000000
10000000
10000000
10000000
10000000
10000000
10000000
10000000
10000000
10000000
10000000
10000000
10000000
10000000
10000000
10000000
10000000
10000000
10000000
10000000
10000000
10000000
10000000
10000000
10000000
3876
4280
4801
5214
5739
10000000
10000000
10000000
10000000
10000000
10000000
10000000
10000000
10000000
10000000
10000000
10000000
10000000
10000000
10000000
10000000
10000000
10000000
10000000
10000000
10000000
10000000
10000000
10000000
10000000
10000000
3915
4258
4801
5267
5760
6480
10000000
10000000
10000000
10000000
10000000
10000000
10000000
10000000
10000000
10000000
10000000
10000000
10000000
10000000
10000000
10000000
10000000
10000000
10000000
10000000
10000000
10000000
10000000
10000000
10000000
3884
4409
4796
5225
5775
6434
7178
10000000
10000000
10000000
10000000
10000000
10000000
10000000
10000000
10000000
10000000
10000000
10000000
10000000
10000000
10000000
10000000
10000000
10000000
10000000
10000000
10000000
10000000
10000000
10000000
3874
4281
4774
5229
5805
6450
7201
7821
10000000
10000000
10000000
10000000
10000000
10000000
10000000
10000000
10000000
10000000
10000000
10000000
10000000
10000000
10000000
10000000
10000000
10000000
10000000
10000000
10000000
10000000
10000000
3885
4226
4802
5279
5769
6450
7163
7725
8756
10000000
10000000
10000000
10000000
10000000
10000000
10000000
10000000
10000000
10000000
10000000
10000000
10000000
10000000
10000000
10000000
10000000
10000000
10000000
10000000
10000000
10000000
3934
4306
4728
5249
5820
6463
7242
7773
8804
9752
10000000
10000000
10000000
10000000
10000000
10000000
10000000
10000000
10000000
10000000
10000000
10000000
10000000
10000000
10000000
10000000
10000000
10000000
10000000
10000000
10000000
3844
4406
4820
5315
5792
6478
7224
7750
8776
9713
10447
10000000
10000000
10000000
10000000
10000000
10000000
10000000
10000000
10000000
10000000
10000000
10000000
10000000
10000000
10000000
10000000
10000000
10000000
10000000
10000000
3830
4239
4803
5251
5778
6455
7177
7713
8803
9730
10503
10989
10000000
10000000
10000000
10000000
10000000
10000000
10000000
10000000
10000000
10000000
10000000
10000000
10000000
10000000
10000000
10000000
10000000
10000000
10000000
3907
4248
4759
5219
5827
6481
7133
7736
8685
9511
10389
10965
11632
10000000
10000000
10000000
10000000
10000000
10000000
10000000
10000000
10000000
10000000
10000000
10000000
10000000
10000000
10000000
10000000
10000000
10000000
3878
4299
4769
5215
5755
6445
7183
7799
8705
9633
10361
10856
11616
12262
10000000
10000000
10000000
10000000
10000000
10000000
10000000
10000000
10000000
10000000
10000000
10000000
10000000
10000000
10000000
10000000
10000000
3862
4303
4790
5252
5819
6486
7255
7817
8879
9765
10459
10970
11748
12488
13004
10000000
10000000
10000000
10000000
10000000
10000000
10000000
10000000
10000000
10000000
10000000
10000000
10000000
10000000
10000000
10000000
3930
4363
4830
5314
5804
6470
7216
7855
8828
9751
10499
10971
11527
12248
12921
13358
10000000
10000000
10000000
10000000
10000000
10000000
10000000
10000000
10000000
10000000
10000000
10000000
10000000
10000000
10000000
3824
4259
4781
5252
5790
6490
7182
7789
8768
9629
10389
10963
11636
12268
12802
13343
13979
10000000
10000000
10000000
10000000
10000000
10000000
10000000
10000000
10000000
10000000
10000000
10000000
10000000
10000000
3892
4269
4837
5179
5776
6429
7185
7767
8694
9634
10407
10915
11672
12375
12819
13384
13944
14803
10000000
10000000
10000000
10000000
10000000
10000000
10000000
10000000
10000000
10000000
10000000
10000000
10000000
3834
4270
4810
5218
5823
6497
7225
7821
8808
9696
10409
10914
11823
12376
13041
13372
14081
14864
15498
10000000
10000000
10000000
10000000
10000000
10000000
10000000
10000000
10000000
10000000
10000000
10000000
3905
4256
4780
5203
5842
6479
7203
7762
8745
9647
10449
11004
11692
12345
12943
13517
14022
14792
15576
16801
10000000
10000000
10000000
10000000
10000000
10000000
10000000
10000000
10000000
10000000
10000000
3836
4313
4812
5269
5783
6532
7264
7817
8791
9770
10429
10895
11668
12178
12825
13385
14113
14744
15431
16770
18227
10000000
10000000
10000000
10000000
10000000
10000000
10000000
10000000
10000000
10000000
3874
4363
4809
5226
5765
6463
7170
7765
8803
9704
10425
11045
11644
12442
12958
13502
13999
14940
15493
16762
17704
19113
10000000
10000000
10000000
10000000
10000000
10000000
10000000
10000000
10000000
3928
4269
4833
5213
5733
6422
7139
7789
8763
9619
10364
10970
11679
12474
12925
13218
13865
14704
15407
16618
17921
19238
19688
10000000
10000000
10000000
10000000
10000000
10000000
10000000
10000000
3954
4285
4824
5242
5803
6508
7208
7775
8834
9730
10423
10985
11701
12329
12904
13359
13987
14673
15356
16686
17939
18908
19688
20439
10000000
10000000
10000000
10000000
10000000
10000000
10000000
3853
4231
4749
5212
5744
6390
7162
7777
8704
9624
10331
10926
11571
12411
12928
13355
13919
14790
15327
16743
17958
19025
19643
20094
21109