10000000
10000000
10000000
10000000
10000000
10000000
10000000
10000000
10000000
10000000
10000000
10000000
10000000
10000000
10000000
10000000
10000000
10000000
10000000
10000000
10000000
10000000
10000000
10000000
10000000
10000000
10000000
10000000
10000000
10000000
10000000
10000000
10000000
10000000
10000000
10000000
10000000
10000000
10000000
10000000
10000000
10000000
10000000
10000000
10000000
10000000
10000000
10000000
10000000
10000000
10000000
10000000
10000000
10000000
10000000
10000000
10000000
10000000
10000000
10000000
10000000
10000000
10000000
10000000
10000000
10000000
10000000
10000000
10000000
10000000
10000000
10000000
10000000
10000000
10000000
10000000
10000000
10000000
10000000
10000000
10000000
10000000
10000000
10000000
10000000
10000000
10000000
10000000
10000000
10000000
10000000
10000000
10000000
10000000
10000000
10000000
10000000
10000000
10000000
10000000
10000000
10000000
10000000
10000000
10000000
10000000
10000000
10000000
10000000
10000000
10000000
10000000
10000000
10000000
10000000
10000000
10000000
10000000
10000000
10000000
10000000
10000000
10000000
10000000
10000000
10000000
10000000
10000000
10000000
10000000
10000000
10000000
10000000
10000000
10000000
10000000
10000000
10000000
10000000
10000000
10000000
10000000
10000000
10000000
10000000
10000000
10000000
10000000
10000000
10000000
10000000
10000000
10000000
10000000
10000000
10000000
10000000
10000000
10000000
10000000
10000000
10000000
10000000
10000000
10000000
10000000
10000000
10000000
10000000
10000000
10000000
10000000
10000000
10000000
10000000
10000000
10000000
10000000
10000000
10000000
10000000
10000000
10000000
10000000
10000000
10000000
10000000
10000000
10000000
10000000
10000000
10000000
3541
10000000
10000000
10000000
10000000
10000000
10000000
10000000
10000000
10000000
10000000
10000000
10000000
10000000
10000000
10000000
10000000
10000000
10000000
10000000
10000000
10000000
10000000
10000000
10000000
10000000
10000000
10000000
10000000
10000000
10000000
3549
3840
10000000
10000000
10000000
10000000
10000000
10000000
10000000
10000000
10000000
10000000
10000000
10000000
10000000
10000000
10000000
10000000
10000000
10000000
10000000
10000000
10000000
10000000
10000000
10000000
10000000
10000000
10000000
10000000
10000000
3538
3826
4384
10000000
10000000
10000000
10000000
10000000
10000000
10000000
10000000
10000000
10000000
10000000
10000000
10000000
10000000
10000000
10000000
10000000
10000000
10000000
10000000
10000000
10000000
10000000
10000000
10000000
10000000
10000000
10000000
3544
3848
4392
4866
10000000
10000000
10000000
10000000
10000000
10000000
10000000
10000000
10000000
10000000
10000000
10000000
10000000
10000000
10000000
10000000
10000000
10000000
10000000
10000000
10000000
10000000
10000000
10000000
10000000
10000000
10000000
3557
3860
4533
4973
5411
10000000
10000000
10000000
10000000
10000000
10000000
10000000
10000000
10000000
10000000
10000000
10000000
10000000
10000000
10000000
10000000
10000000
10000000
10000000
10000000
10000000
10000000
10000000
10000000
10000000
10000000
3566
3861
4429
4971
5500
5947
10000000
10000000
10000000
10000000
10000000
10000000
10000000
10000000
10000000
10000000
10000000
10000000
10000000
10000000
10000000
10000000
10000000
10000000
10000000
10000000
10000000
10000000
10000000
10000000
10000000
3563
3866
4431
4812
5334
5813
6636
10000000
10000000
10000000
10000000
10000000
10000000
10000000
10000000
10000000
10000000
10000000
10000000
10000000
10000000
10000000
10000000
10000000
10000000
10000000
10000000
10000000
10000000
10000000
10000000
3490
3812
4376
4845
5389
5907
6717
7631
10000000
10000000
10000000
10000000
10000000
10000000
10000000
10000000
10000000
10000000
10000000
10000000
10000000
10000000
10000000
10000000
10000000
10000000
10000000
10000000
10000000
10000000
10000000
3482
3801
4368
4837
5359
5898
6699
7662
8308
10000000
10000000
10000000
10000000
10000000
10000000
10000000
10000000
10000000
10000000
10000000
10000000
10000000
10000000
10000000
10000000
10000000
10000000
10000000
10000000
10000000
10000000
3508
3834
4408
4951
5430
5931
6743
7677
8305
8814
10000000
10000000
10000000
10000000
10000000
10000000
10000000
10000000
10000000
10000000
10000000
10000000
10000000
10000000
10000000
10000000
10000000
10000000
10000000
10000000
10000000
3499
3817
4323
4901
5372
5924
6716
7640
8308
8771
9739
10000000
10000000
10000000
10000000
10000000
10000000
10000000
10000000
10000000
10000000
10000000
10000000
10000000
10000000
10000000
10000000
10000000
10000000
10000000
10000000
3520
3799
4428
4867
5441
5958
6743
7688
8301
8728
9653
10298
10000000
10000000
10000000
10000000
10000000
10000000
10000000
10000000
10000000
10000000
10000000
10000000
10000000
10000000
10000000
10000000
10000000
10000000
10000000
3507
3817
4397
4905
5465
5914
6713
7623
8233
8778
9714
10381
10912
10000000
10000000
10000000
10000000
10000000
10000000
10000000
10000000
10000000
10000000
10000000
10000000
10000000
10000000
10000000
10000000
10000000
10000000
3503
3830
4408
4850
5364
5891
6761
7643
8249
8811
9649
10360
10978
11374
10000000
10000000
10000000
10000000
10000000
10000000
10000000
10000000
10000000
10000000
10000000
10000000
10000000
10000000
10000000
10000000
10000000
3482
3787
4380
4794
5427
5845
6684
7681
8286
8762
9700
10363
10857
11370
12093
10000000
10000000
10000000
10000000
10000000
10000000
10000000
10000000
10000000
10000000
10000000
10000000
10000000
10000000
10000000
10000000
3487
3794
4299
4863
5400
5926
6742
7709
8337
8822
9707
10379
10987
11479
12088
12556
10000000
10000000
10000000
10000000
10000000
10000000
10000000
10000000
10000000
10000000
10000000
10000000
10000000
10000000
10000000
3511
3797
4357
4910
5452
5979
6712
7680
8321
8797
9636
10319
10930
11422
12050
12529
13400
10000000
10000000
10000000
10000000
10000000
10000000
10000000
10000000
10000000
10000000
10000000
10000000
10000000
10000000
3501
3799
4370
4844
5436
5907
6699
7635
8258
8797
9702
10428
10935
11431
12167
12680
13203
13938
10000000
10000000
10000000
10000000
10000000
10000000
10000000
10000000
10000000
10000000
10000000
10000000
10000000
3529
3793
4420
4967
5409
5949
6763
7676
8329
8872
9732
10447
11001
11395
12212
12669
13078
13755
15076
10000000
10000000
10000000
10000000
10000000
10000000
10000000
10000000
10000000
10000000
10000000
10000000
3502
3811
4396
4959
5424
5920
6729
7665
8253
8813
9756
10409
10944
11387
11941
12595
13148
13898
15037
15850
10000000
10000000
10000000
10000000
10000000
10000000
10000000
10000000
10000000
10000000
10000000
3524
3799
4381
4869
5375
5950
6701
7681
8331
8777
9695
10405
10987
11428
12103
12593
13241
13964
15141
15804
16542
10000000
10000000
10000000
10000000
10000000
10000000
10000000
10000000
10000000
10000000
3513
3816
4430
5009
5432
5895
6682
7578
8184
8706
9642
10316
10864
11355
11961
12557
13160
13943
14887
15752
16378
17474
10000000
10000000
10000000
10000000
10000000
10000000
10000000
10000000
10000000
3482
3793
4443
4854
5362
5894
6672
7602
8247
8738
9619
10378
10956
11341
11953
12509
13219
13824
15008
15706
16393
17403
18477
10000000
10000000
10000000
10000000
10000000
10000000
10000000
10000000
3491
3810
4340
4997
5451
5913
6708
7667
8295
8808
9666
10392
10966
11502
12120
12652
13311
14064
15100
15823
16661
17518
18513
19332
10000000
10000000
10000000
10000000
10000000
10000000
10000000
3538
3818
4381
4902
5411
5806
6638
7552
8318
8842
9695
10346
10970
11450
12136
12510
13192
13813
15098
15760
16509
17556
18665
19110
19705