10000000
10000000
10000000
10000000
10000000
10000000
10000000
10000000
10000000
10000000
10000000
10000000
10000000
10000000
10000000
10000000
10000000
10000000
10000000
10000000
10000000
10000000
10000000
10000000
10000000
10000000
10000000
10000000
10000000
10000000
10000000
10000000
10000000
10000000
10000000
10000000
10000000
10000000
10000000
10000000
10000000
10000000
10000000
10000000
10000000
10000000
10000000
10000000
10000000
10000000
10000000
10000000
10000000
10000000
10000000
10000000
10000000
10000000
10000000
10000000
10000000
10000000
10000000
10000000
10000000
10000000
10000000
10000000
10000000
10000000
10000000
10000000
10000000
10000000
10000000
10000000
10000000
10000000
10000000
10000000
10000000
10000000
10000000
10000000
10000000
10000000
10000000
10000000
10000000
10000000
10000000
10000000
10000000
10000000
10000000
10000000
10000000
10000000
10000000
10000000
10000000
10000000
10000000
10000000
10000000
10000000
10000000
10000000
10000000
10000000
10000000
10000000
10000000
10000000
10000000
10000000
10000000
10000000
10000000
10000000
10000000
10000000
10000000
10000000
10000000
10000000
10000000
10000000
10000000
10000000
10000000
10000000
10000000
10000000
10000000
10000000
10000000
10000000
10000000
10000000
10000000
10000000
10000000
10000000
10000000
10000000
10000000
10000000
10000000
10000000
10000000
10000000
10000000
10000000
10000000
10000000
10000000
10000000
10000000
10000000
10000000
10000000
10000000
10000000
10000000
10000000
10000000
10000000
10000000
10000000
10000000
10000000
10000000
10000000
10000000
10000000
10000000
10000000
10000000
10000000
10000000
10000000
10000000
10000000
10000000
10000000
10000000
10000000
10000000
10000000
10000000
10000000
3658
10000000
10000000
10000000
10000000
10000000
10000000
10000000
10000000
10000000
10000000
10000000
10000000
10000000
10000000
10000000
10000000
10000000
10000000
10000000
10000000
10000000
10000000
10000000
10000000
10000000
10000000
10000000
10000000
10000000
10000000
3672
4093
10000000
10000000
10000000
10000000
10000000
10000000
10000000
10000000
10000000
10000000
10000000
10000000
10000000
10000000
10000000
10000000
10000000
10000000
10000000
10000000
10000000
10000000
10000000
10000000
10000000
10000000
10000000
10000000
10000000
3669
4026
4598
10000000
10000000
10000000
10000000
10000000
10000000
10000000
10000000
10000000
10000000
10000000
10000000
10000000
10000000
10000000
10000000
10000000
10000000
10000000
10000000
10000000
10000000
10000000
10000000
10000000
10000000
10000000
10000000
3694
3982
4563
5103
10000000
10000000
10000000
10000000
10000000
10000000
10000000
10000000
10000000
10000000
10000000
10000000
10000000
10000000
10000000
10000000
10000000
10000000
10000000
10000000
10000000
10000000
10000000
10000000
10000000
10000000
10000000
3632
3963
4633
5123
5654
10000000
10000000
10000000
10000000
10000000
10000000
10000000
10000000
10000000
10000000
10000000
10000000
10000000
10000000
10000000
10000000
10000000
10000000
10000000
10000000
10000000
10000000
10000000
10000000
10000000
10000000
3643
4053
4609
5124
5693
6357
10000000
10000000
10000000
10000000
10000000
10000000
10000000
10000000
10000000
10000000
10000000
10000000
10000000
10000000
10000000
10000000
10000000
10000000
10000000
10000000
10000000
10000000
10000000
10000000
10000000
3779
4019
4562
5196
5712
6241
7043
10000000
10000000
10000000
10000000
10000000
10000000
10000000
10000000
10000000
10000000
10000000
10000000
10000000
10000000
10000000
10000000
10000000
10000000
10000000
10000000
10000000
10000000
10000000
10000000
3668
4017
4574
5077
5772
6344
7058
8069
10000000
10000000
10000000
10000000
10000000
10000000
10000000
10000000
10000000
10000000
10000000
10000000
10000000
10000000
10000000
10000000
10000000
10000000
10000000
10000000
10000000
10000000
10000000
3671
4005
4631
5329
5695
6240
7055
7968
8677
10000000
10000000
10000000
10000000
10000000
10000000
10000000
10000000
10000000
10000000
10000000
10000000
10000000
10000000
10000000
10000000
10000000
10000000
10000000
10000000
10000000
10000000
3703
3995
4623
5189
5672
6216
7062
7979
8718
9200
10000000
10000000
10000000
10000000
10000000
10000000
10000000
10000000
10000000
10000000
10000000
10000000
10000000
10000000
10000000
10000000
10000000
10000000
10000000
10000000
10000000
3673
4018
4595
5163
5690
6216
7093
8016
8667
9332
10156
10000000
10000000
10000000
10000000
10000000
10000000
10000000
10000000
10000000
10000000
10000000
10000000
10000000
10000000
10000000
10000000
10000000
10000000
10000000
10000000
3662
3996
4641
5237
5681
6279
7099
8112
8789
9292
10167
10931
10000000
10000000
10000000
10000000
10000000
10000000
10000000
10000000
10000000
10000000
10000000
10000000
10000000
10000000
10000000
10000000
10000000
10000000
10000000
3728
4172
4756
5226
5765
6341
7216
8141
8812
9345
10079
10697
11333
10000000
10000000
10000000
10000000
10000000
10000000
10000000
10000000
10000000
10000000
10000000
10000000
10000000
10000000
10000000
10000000
10000000
10000000
3665
4002
4647
5138
5683
6235
7037
7994
8663
9192
10056
10900
11442
11965
10000000
10000000
10000000
10000000
10000000
10000000
10000000
10000000
10000000
10000000
10000000
10000000
10000000
10000000
10000000
10000000
10000000
3682
4008
4668
5157
5728
6291
7057
8020
8680
9269
10299
10940
11502
11983
12711
10000000
10000000
10000000
10000000
10000000
10000000
10000000
10000000
10000000
10000000
10000000
10000000
10000000
10000000
10000000
10000000
3667
3998
4580
5246
5700
6274
7122
8020
8735
9235
10221
10930
11472
12038
12672
13229
10000000
10000000
10000000
10000000
10000000
10000000
10000000
10000000
10000000
10000000
10000000
10000000
10000000
10000000
10000000
3723
3992
4577
5139
5672
6238
7132
7996
8720
9313
10204
10976
11435
11953
12727
13173
13892
10000000
10000000
10000000
10000000
10000000
10000000
10000000
10000000
10000000
10000000
10000000
10000000
10000000
10000000
3694
4033
4633
5170
5776
6237
7112
8019
8722
9256
10179
10903
11504
12102
12663
13292
13878
14625
10000000
10000000
10000000
10000000
10000000
10000000
10000000
10000000
10000000
10000000
10000000
10000000
10000000
3650
4013
4561
5140
5674
6351
7409
7958
8666
9200
10148
10780
11432
11944
12611
13233
13999
14612
15714
10000000
10000000
10000000
10000000
10000000
10000000
10000000
10000000
10000000
10000000
10000000
10000000
3665
4023
4600
5183
5708
6244
7078
7928
8616
9217
10081
10880
11470
11994
12596
13265
13751
14494
15467
16420
10000000
10000000
10000000
10000000
10000000
10000000
10000000
10000000
10000000
10000000
10000000
3605
3908
4523
4998
5582
6119
6998
7876
8419
9208
10136
10898
11588
12176
12660
13071
13858
14701
15730
16569
17422
10000000
10000000
10000000
10000000
10000000
10000000
10000000
10000000
10000000
10000000
3654
4000
4548
5122
5665
6230
7043
7974
8727
9285
10158
10890
11465
11713
12446
13049
13767
14495
15665
16525
17199
18492
10000000
10000000
10000000
10000000
10000000
10000000
10000000
10000000
10000000
3646
3991
4599
5220
5665
6089
6914
7845
8542
9055
10046
10632
11225
11706
12425
12962
13589
14327
15525
16351
17057
18145
19374
10000000
10000000
10000000
10000000
10000000
10000000
10000000
10000000
3604
3903
4509
5041
5606
6130
6974
7833
8584
9156
10049
10688
11271
11823
12582
13171
13840
14587
15731
16494
17169
18347
19357
20178
10000000
10000000
10000000
10000000
10000000
10000000
10000000
3647
4010
4606
5069
5710
6321
7150
8067
8781
9362
10194
10839
11537
11955
12789
13150
13917
14517
15816
16537
17266
18479
19563
20157
20668