10000000
10000000
10000000
10000000
10000000
10000000
10000000
10000000
10000000
10000000
10000000
10000000
10000000
10000000
10000000
10000000
10000000
10000000
10000000
10000000
10000000
10000000
10000000
10000000
10000000
10000000
10000000
10000000
10000000
10000000
10000000
10000000
10000000
10000000
10000000
10000000
10000000
10000000
10000000
10000000
10000000
10000000
10000000
10000000
10000000
10000000
10000000
10000000
10000000
10000000
10000000
10000000
10000000
10000000
10000000
10000000
10000000
10000000
10000000
10000000
10000000
10000000
10000000
10000000
10000000
10000000
10000000
10000000
10000000
10000000
10000000
10000000
10000000
10000000
10000000
10000000
10000000
10000000
10000000
10000000
10000000
10000000
10000000
10000000
10000000
10000000
10000000
10000000
10000000
10000000
10000000
10000000
10000000
10000000
10000000
10000000
1022
10000000
10000000
10000000
10000000
10000000
10000000
10000000
10000000
10000000
10000000
10000000
10000000
10000000
10000000
10000000
10000000
10000000
10000000
10000000
10000000
10000000
10000000
10000000
10000000
10000000
10000000
10000000
10000000
10000000
10000000
1025
1111
10000000
10000000
10000000
10000000
10000000
10000000
10000000
10000000
10000000
10000000
10000000
10000000
10000000
10000000
10000000
10000000
10000000
10000000
10000000
10000000
10000000
10000000
10000000
10000000
10000000
10000000
10000000
10000000
10000000
1021
1089
1222
10000000
10000000
10000000
10000000
10000000
10000000
10000000
10000000
10000000
10000000
10000000
10000000
10000000
10000000
10000000
10000000
10000000
10000000
10000000
10000000
10000000
10000000
10000000
10000000
10000000
10000000
10000000
10000000
1076
1097
1180
1327
10000000
10000000
10000000
10000000
10000000
10000000
10000000
10000000
10000000
10000000
10000000
10000000
10000000
10000000
10000000
10000000
10000000
10000000
10000000
10000000
10000000
10000000
10000000
10000000
10000000
10000000
10000000
1023
1089
1199
1399
1466
10000000
10000000
10000000
10000000
10000000
10000000
10000000
10000000
10000000
10000000
10000000
10000000
10000000
10000000
10000000
10000000
10000000
10000000
10000000
10000000
10000000
10000000
10000000
10000000
10000000
10000000
1007
1120
1185
1389
1467
1639
10000000
10000000
10000000
10000000
10000000
10000000
10000000
10000000
10000000
10000000
10000000
10000000
10000000
10000000
10000000
10000000
10000000
10000000
10000000
10000000
10000000
10000000
10000000
10000000
10000000
1020
1095
1209
1328
1500
1595
1739
10000000
10000000
10000000
10000000
10000000
10000000
10000000
10000000
10000000
10000000
10000000
10000000
10000000
10000000
10000000
10000000
10000000
10000000
10000000
10000000
10000000
10000000
10000000
10000000
1007
1156
1200
1326
1506
1623
1764
1966
10000000
10000000
10000000
10000000
10000000
10000000
10000000
10000000
10000000
10000000
10000000
10000000
10000000
10000000
10000000
10000000
10000000
10000000
10000000
10000000
10000000
10000000
10000000
992
1034
1176
1412
1457
1596
1746
1928
2188
10000000
10000000
10000000
10000000
10000000
10000000
10000000
10000000
10000000
10000000
10000000
10000000
10000000
10000000
10000000
10000000
10000000
10000000
10000000
10000000
10000000
10000000
1077
1118
1200
1355
1464
1643
1737
1914
2214
2408
10000000
10000000
10000000
10000000
10000000
10000000
10000000
10000000
10000000
10000000
10000000
10000000
10000000
10000000
10000000
10000000
10000000
10000000
10000000
10000000
10000000
1025
1070
1214
1346
1470
1598
1744
1928
2166
2395
2648
10000000
10000000
10000000
10000000
10000000
10000000
10000000
10000000
10000000
10000000
10000000
10000000
10000000
10000000
10000000
10000000
10000000
10000000
10000000
10000000
1026
1133
1188
1415
1464
1591
1750
1901
2156
2426
2614
2971
10000000
10000000
10000000
10000000
10000000
10000000
10000000
10000000
10000000
10000000
10000000
10000000
10000000
10000000
10000000
10000000
10000000
10000000
10000000
1029
1125
1187
1386
1480
1629
1742
1914
2195
2383
2627
2987
3137
10000000
10000000
10000000
10000000
10000000
10000000
10000000
10000000
10000000
10000000
10000000
10000000
10000000
10000000
10000000
10000000
10000000
10000000
987
1142
1207
1360
1490
1611
1746
1960
2186
2387
2607
2918
3104
3248
10000000
10000000
10000000
10000000
10000000
10000000
10000000
10000000
10000000
10000000
10000000
10000000
10000000
10000000
10000000
10000000
10000000
1003
1102
1197
1373
1478
1603
1743
1909
2189
2392
2617
2940
3118
3316
3543
10000000
10000000
10000000
10000000
10000000
10000000
10000000
10000000
10000000
10000000
10000000
10000000
10000000
10000000
10000000
10000000
984
1154
1200
1339
1500
1636
1767
1959
2171
2400
2618
2960
3132
3332
3519
3761
10000000
10000000
10000000
10000000
10000000
10000000
10000000
10000000
10000000
10000000
10000000
10000000
10000000
10000000
10000000
977
1099
1190
1398
1477
1605
1748
1912
2197
2389
2606
2969
3138
3335
3554
3794
3975
10000000
10000000
10000000
10000000
10000000
10000000
10000000
10000000
10000000
10000000
10000000
10000000
10000000
10000000
993
1114
1216
1341
1510
1617
1732
1919
2186
2387
2617
2934
3113
3272
3532
3813
4018
4181
10000000
10000000
10000000
10000000
10000000
10000000
10000000
10000000
10000000
10000000
10000000
10000000
10000000
951
1118
1210
1346
1472
1640
1711
1891
2176
2370
2608
2935
3136
3275
3505
3703
3954
4078
4250
10000000
10000000
10000000
10000000
10000000
10000000
10000000
10000000
10000000
10000000
10000000
10000000
983
1061
1193
1300
1469
1599
1725
1921
2185
2375
2586
2904
3104
3256
3447
3721
3979
4111
4252
4588
10000000
10000000
10000000
10000000
10000000
10000000
10000000
10000000
10000000
10000000
10000000
1000
1074
1163
1325
1461
1605
1729
1929
2164
2378
2569
2901
3103
3270
3490
3695
3939
4086
4264
4562
5024
10000000
10000000
10000000
10000000
10000000
10000000
10000000
10000000
10000000
10000000
1011
1108
1157
1373
1459
1620
1719
1881
2170
2358
2580
2911
3110
3267
3494
3710
3922
4050
4221
4528
4909
5253
10000000
10000000
10000000
10000000
10000000
10000000
10000000
10000000
10000000
1061
1110
1150
1413
1438
1609
1719
1907
2141
2388
2560
2904
3092
3237
3507
3749
3936
4094
4187
4557
4931
5276
5707
10000000
10000000
10000000
10000000
10000000
10000000
10000000
10000000
973
1065
1175
1356
1470
1616
1713
1922
2195
2405
2534
2927
3106
3296
3484
3715
3939
4087
4261
4524
4849
5190
5627
5934
10000000
10000000
10000000
10000000
10000000
10000000
10000000
964
1068
1174
1349
1436
1564
1710
1891
2138
2373
2575
2874
3086
3254
3506
3771
3929
4081
4191
4549
4880
5225
5630
5911
6222
10000000
10000000
10000000
10000000
10000000
10000000
963
1107
1175
1353
1447
1599
1704
1909
2163
2336
2575
2862
3086
3247
3438
3695
3926
4069
4201
4489
4871
5193
5696
6039
6150
6358
10000000
10000000
10000000
10000000
10000000
955
1077
1165
1305
1479
1581
1695
1893
2142
2352
2564
2894
3030
3207
3509
3687
3925
4089
4235
4530
4835
5188
5706
5896
6240
6314
6485
10000000
10000000
10000000
10000000
956
1050
1151
1349
1466
1599
1749
1920
2163
2372
2586
2918
3106
3276
3504
3711
3958
4064
4267
4504
4921
5245
5775
6089
6309
6452
6630
6757