10000000
10000000
10000000
10000000
10000000
10000000
10000000
10000000
10000000
10000000
10000000
10000000
10000000
10000000
10000000
10000000
10000000
10000000
10000000
10000000
10000000
10000000
10000000
10000000
10000000
10000000
10000000
10000000
10000000
10000000
10000000
10000000
10000000
10000000
10000000
10000000
10000000
10000000
10000000
10000000
10000000
10000000
10000000
10000000
10000000
10000000
10000000
10000000
10000000
10000000
10000000
10000000
10000000
10000000
10000000
10000000
10000000
10000000
10000000
10000000
10000000
10000000
10000000
10000000
10000000
10000000
10000000
10000000
10000000
10000000
10000000
10000000
10000000
10000000
10000000
10000000
10000000
10000000
10000000
10000000
10000000
10000000
10000000
10000000
10000000
10000000
10000000
10000000
10000000
10000000
10000000
10000000
10000000
10000000
10000000
10000000
10000000
10000000
10000000
10000000
10000000
10000000
10000000
10000000
10000000
10000000
10000000
10000000
10000000
10000000
10000000
10000000
10000000
10000000
10000000
10000000
10000000
10000000
10000000
10000000
10000000
10000000
10000000
10000000
10000000
10000000
10000000
10000000
1238
10000000
10000000
10000000
10000000
10000000
10000000
10000000
10000000
10000000
10000000
10000000
10000000
10000000
10000000
10000000
10000000
10000000
10000000
10000000
10000000
10000000
10000000
10000000
10000000
10000000
10000000
10000000
10000000
10000000
10000000
1229
1368
10000000
10000000
10000000
10000000
10000000
10000000
10000000
10000000
10000000
10000000
10000000
10000000
10000000
10000000
10000000
10000000
10000000
10000000
10000000
10000000
10000000
10000000
10000000
10000000
10000000
10000000
10000000
10000000
10000000
1232
1369
1539
10000000
10000000
10000000
10000000
10000000
10000000
10000000
10000000
10000000
10000000
10000000
10000000
10000000
10000000
10000000
10000000
10000000
10000000
10000000
10000000
10000000
10000000
10000000
10000000
10000000
10000000
10000000
10000000
1254
1354
1599
1675
10000000
10000000
10000000
10000000
10000000
10000000
10000000
10000000
10000000
10000000
10000000
10000000
10000000
10000000
10000000
10000000
10000000
10000000
10000000
10000000
10000000
10000000
10000000
10000000
10000000
10000000
10000000
1248
1362
1568
1703
1850
10000000
10000000
10000000
10000000
10000000
10000000
10000000
10000000
10000000
10000000
10000000
10000000
10000000
10000000
10000000
10000000
10000000
10000000
10000000
10000000
10000000
10000000
10000000
10000000
10000000
10000000
1304
1390
1611
1719
1840
2019
10000000
10000000
10000000
10000000
10000000
10000000
10000000
10000000
10000000
10000000
10000000
10000000
10000000
10000000
10000000
10000000
10000000
10000000
10000000
10000000
10000000
10000000
10000000
10000000
10000000
1296
1383
1527
1691
1873
2034
2257
10000000
10000000
10000000
10000000
10000000
10000000
10000000
10000000
10000000
10000000
10000000
10000000
10000000
10000000
10000000
10000000
10000000
10000000
10000000
10000000
10000000
10000000
10000000
10000000
1280
1384
1610
1709
1859
2025
2229
2501
10000000
10000000
10000000
10000000
10000000
10000000
10000000
10000000
10000000
10000000
10000000
10000000
10000000
10000000
10000000
10000000
10000000
10000000
10000000
10000000
10000000
10000000
10000000
1250
1370
1528
1681
1843
2018
2222
2498
2808
10000000
10000000
10000000
10000000
10000000
10000000
10000000
10000000
10000000
10000000
10000000
10000000
10000000
10000000
10000000
10000000
10000000
10000000
10000000
10000000
10000000
10000000
1275
1365
1573
1700
1829
1999
2221
2529
2845
3107
10000000
10000000
10000000
10000000
10000000
10000000
10000000
10000000
10000000
10000000
10000000
10000000
10000000
10000000
10000000
10000000
10000000
10000000
10000000
10000000
10000000
1338
1495
1604
1689
1982
2017
2396
2546
2980
3143
3485
10000000
10000000
10000000
10000000
10000000
10000000
10000000
10000000
10000000
10000000
10000000
10000000
10000000
10000000
10000000
10000000
10000000
10000000
10000000
10000000
1399
1361
1619
1697
2089
2533
2229
2514
2811
3093
3447
3707
10000000
10000000
10000000
10000000
10000000
10000000
10000000
10000000
10000000
10000000
10000000
10000000
10000000
10000000
10000000
10000000
10000000
10000000
10000000
1238
1391
1619
1717
1868
2020
2242
2504
2864
3145
3495
3709
3957
10000000
10000000
10000000
10000000
10000000
10000000
10000000
10000000
10000000
10000000
10000000
10000000
10000000
10000000
10000000
10000000
10000000
10000000
1321
1397
1553
1709
1877
2035
2240
2533
2857
3115
3462
3780
3931
4181
10000000
10000000
10000000
10000000
10000000
10000000
10000000
10000000
10000000
10000000
10000000
10000000
10000000
10000000
10000000
10000000
10000000
1242
1392
1585
1708
1860
2032
2244
2515
2848
3074
3470
3705
3932
4121
4480
10000000
10000000
10000000
10000000
10000000
10000000
10000000
10000000
10000000
10000000
10000000
10000000
10000000
10000000
10000000
10000000
1305
1388
1570
1704
1889
2035
2235
2522
2857
3110
3476
3689
3986
4249
4514
4746
10000000
10000000
10000000
10000000
10000000
10000000
10000000
10000000
10000000
10000000
10000000
10000000
10000000
10000000
10000000
1316
1392
1619
1742
1873
2047
2253
2547
2895
3134
3499
3730
4077
4214
4619
5201
4949
10000000
10000000
10000000
10000000
10000000
10000000
10000000
10000000
10000000
10000000
10000000
10000000
10000000
10000000
1299
1403
1580
1712
1858
2043
2246
2520
2857
3145
3505
3759
3970
4247
4530
4825
4925
5148
10000000
10000000
10000000
10000000
10000000
10000000
10000000
10000000
10000000
10000000
10000000
10000000
10000000
1256
1396
1556
1719
1875
2033
2227
2524
2851
3131
3504
3743
3945
4180
4479
4746
4904
5034
5435
10000000
10000000
10000000
10000000
10000000
10000000
10000000
10000000
10000000
10000000
10000000
10000000
1303
1372
1616
1704
1853
2024
2240
2525
2873
3155
3511
3699
3909
4169
4480
4697
4911
5154
5491
6071
10000000
10000000
10000000
10000000
10000000
10000000
10000000
10000000
10000000
10000000
10000000
1342
1423
1631
1729
1884
2052
2296
2555
2915
3139
3520
3787
4039
4295
4592
4784
4936
5147
5461
5982
6327
10000000
10000000
10000000
10000000
10000000
10000000
10000000
10000000
10000000
10000000
1301
1388
1564
1755
1871
2064
2270
2528
2877
3105
3478
3727
3937
4232
4538
4718
4911
5116
5435
5926
6247
6817
10000000
10000000
10000000
10000000
10000000
10000000
10000000
10000000
10000000
1268
1405
1554
1721
1868
2069
2255
2567
2891
3125
3444
3654
3965
4201
4554
4781
4940
5115
5499
5959
6319
6801
7049
10000000
10000000
10000000
10000000
10000000
10000000
10000000
10000000
1265
1380
1607
1767
1896
2056
2283
2556
2884
3170
3495
3709
3941
4208
4520
4719
4965
5130
5479
5984
6359
6822
7122
7533
10000000
10000000
10000000
10000000
10000000
10000000
10000000
1290
1367
1614
1751
1871
2062
2259
2544
2860
3135
3543
3749
3968
4221
4551
4762
5028
5156
5509
6001
6317
6833
7126
7395
7685
10000000
10000000
10000000
10000000
10000000
10000000
1320
1377
1551
1739
1916
2075
2264
2556
2863
3122
3485
3718
3981
4207
4494
4723
4915
5107
5487
6007
6286
6789
7159
7308
7592
7820
10000000
10000000
10000000
10000000
10000000
1309
1376
1657
1735
1845
2036
2281
2535
2880
3111
3493
3705
3954
4201
4466
4687
4904
5054
5453
5903
6337
6757
7129
7333
7615
7810
8006